dl
format=edgelist1
n=25
data:
1 25 94.125
1 21 -87.125
1 16 5.125
1 10 78.250
1 9 53.875
1 5 -1.250
1 4 27.500
1 3 22.500
2 25 -12.000
2 23 17.625
2 19 -54.125
2 16 -11.875
2 14 -29.125
2 12 -43.125
2 10 86.250
2 9 -92.125
2 7 2.500
2 4 -46.625
3 25 -0.875
3 21 -16.625
3 14 -43.750
3 12 28.125
3 8 -56.750
3 6 36.750
4 25 -81.250
4 21 46.500
4 20 -51.875
4 18 -89.375
4 11 -69.500
4 9 -53.500
4 8 -26.250
4 7 -23.250
4 6 87.000
5 25 -63.875
5 22 -85.500
5 10 -7.625
6 25 66.125
6 24 85.000
6 21 25.750
6 16 51.375
6 9 63.875
7 22 -85.125
7 21 -34.125
7 19 -54.125
7 18 -50.375
8 25 42.375
8 24 -3.500
8 19 -31.000
8 17 69.500
8 16 -9.750
8 12 43.750
9 25 -82.375
9 21 84.125
9 19 -34.250
9 17 21.750
9 15 27.500
10 25 91.625
10 21 -99.250
10 20 -62.000
10 17 -42.125
10 14 -27.625
10 12 37.125
11 25 15.125
11 24 74.750
11 22 -40.500
11 17 88.500
11 15 37.125
12 25 -0.250
12 23 44.750
12 22 -1.500
12 19 36.750
12 15 -7.250
12 13 -45.125
13 25 -48.125
13 23 -21.125
13 17 86.375
14 25 -2.500
14 22 16.625
14 20 -81.750
14 15 -85.375
15 25 45.750
15 23 -21.000
16 24 -77.000
16 23 54.875
16 18 -32.250
18 22 31.375
19 24 17.875
19 23 -11.375
20 25 5.125
20 23 -4.625
20 22 -39.125
20 21 19.000
21 24 65.875
22 25 65.250
22 24 -3.625
22 23 84.625
