dl
format=edgelist1
n=25
data:
1 24 -38.875
1 15 -36.750
1 14 -59.875
1 12 34.875
1 7 67.125
1 4 -92.625
2 22 23.750
2 18 -69.375
2 16 43.750
2 15 -19.750
2 9 29.125
2 5 83.875
3 22 -1.000
3 21 10.250
3 19 86.375
3 18 9.375
3 16 -21.000
3 15 80.750
3 11 -62.625
3 10 -37.250
3 8 33.375
3 6 71.500
3 4 -38.875
4 25 -93.375
4 18 32.875
4 15 -66.500
4 14 20.875
4 12 55.000
4 11 27.500
4 7 99.000
5 22 16.500
5 15 -71.125
5 11 -90.250
5 8 3.000
6 23 -63.125
6 19 -4.375
6 18 7.250
6 16 79.750
6 14 70.000
6 10 26.000
6 9 -55.375
6 7 -85.125
7 25 29.250
7 21 21.250
7 20 83.250
7 9 -48.375
8 24 59.000
8 17 84.625
8 14 -51.375
9 23 -64.750
9 22 -59.375
9 20 -63.125
9 19 43.625
9 16 89.250
9 14 49.500
9 13 -26.750
10 23 -13.625
10 22 -61.750
10 20 -51.125
10 19 -12.625
10 16 22.750
10 14 29.625
10 13 -76.000
11 24 50.375
11 22 36.375
11 20 53.250
11 19 -31.625
11 17 -34.375
11 14 4.625
12 24 17.375
12 23 -6.125
12 21 89.000
12 17 -51.125
12 13 -62.125
13 25 -38.500
13 24 4.500
13 20 7.625
13 19 -47.125
13 18 45.875
13 16 85.125
14 25 33.500
14 23 70.375
14 22 -96.750
14 21 -48.375
14 15 29.000
15 25 -28.000
15 24 47.250
15 20 77.875
15 16 69.500
16 25 -61.750
16 21 41.625
17 23 73.375
17 22 -81.375
17 20 -51.000
17 19 -91.250
18 20 -98.500
19 23 -80.875
19 21 -45.000
19 20 89.250
20 21 87.500
21 23 -8.625
22 24 -83.625
22 23 20.000
23 25 76.125
23 24 31.875
24 25 -57.750
