dl
format=edgelist1
n=50
data:
1 49 34.250
1 40 49.375
1 39 61.500
1 35 -55.625
1 28 19.125
1 27 -78.000
1 25 5.375
1 9 -57.625
1 5 53.625
2 44 61.125
2 39 29.500
2 38 -11.375
2 36 -65.375
2 30 18.000
2 28 62.500
2 26 34.750
2 25 74.625
2 21 87.250
2 20 1.375
2 19 89.375
2 17 -60.000
2 3 19.875
3 50 -61.625
3 38 67.500
3 37 -18.875
3 35 65.625
3 27 91.875
3 26 -64.875
3 23 -42.125
3 11 15.250
3 9 -41.500
3 5 -13.500
4 48 -18.125
4 40 79.875
4 33 6.375
4 32 -20.750
4 31 60.500
4 29 -78.125
4 21 70.750
4 18 -43.125
4 12 -31.250
5 49 27.750
5 47 -97.625
5 46 39.500
5 43 -62.750
5 37 99.125
5 33 91.500
5 28 44.250
5 27 49.625
5 22 1.750
5 19 85.625
5 13 86.125
5 11 -4.875
5 9 34.500
6 44 57.625
6 23 -65.125
7 49 84.750
7 48 57.375
7 40 48.000
7 39 -35.500
7 35 28.875
7 31 17.250
7 30 -8.250
7 24 88.125
7 20 -16.500
7 18 79.375
7 15 4.625
7 11 -74.000
7 10 -22.875
7 9 -16.375
8 47 41.625
8 42 -71.625
8 20 11.375
8 19 55.125
8 18 -74.625
9 49 63.500
9 31 -71.500
9 25 -50.625
9 16 -46.500
9 15 42.625
9 10 -38.375
10 49 -27.750
10 43 -90.625
10 34 -10.500
10 28 -28.875
10 25 77.625
10 22 -77.500
11 50 43.500
11 44 -14.000
11 37 13.625
11 35 -93.875
11 30 15.875
11 29 -12.125
11 18 -21.375
11 12 -50.125
12 49 5.375
12 47 44.375
12 45 94.625
12 37 -11.375
12 35 58.500
12 32 -31.875
12 29 -65.000
12 28 19.375
12 23 49.750
12 22 -82.625
12 17 -15.000
13 48 -71.250
13 44 8.000
13 43 -32.125
13 36 -34.125
14 47 65.125
14 46 88.875
14 43 94.125
14 38 -23.875
14 29 -34.375
14 25 58.750
15 50 -57.375
15 47 -75.500
15 45 67.750
15 42 67.000
15 38 28.125
15 31 -66.875
15 23 -36.375
15 22 -43.250
15 21 26.000
16 47 -76.000
16 45 -81.875
16 36 -22.500
16 32 -23.625
16 29 -12.875
17 45 66.375
17 39 39.750
17 33 29.625
17 29 72.375
17 25 -12.375
17 21 72.500
17 18 29.375
18 47 -91.000
18 46 -28.875
18 44 1.500
18 34 19.125
18 26 65.375
18 19 69.500
19 48 -77.125
19 46 35.500
19 44 -56.500
19 40 -71.125
19 37 99.000
19 33 86.125
19 32 -7.500
19 30 23.125
19 28 20.375
19 26 -12.750
19 25 -8.500
19 21 -93.750
20 48 -77.375
20 46 -62.875
20 31 46.125
20 30 48.500
20 25 76.875
21 48 -5.000
21 41 15.750
21 40 54.500
21 36 -72.375
21 35 -7.625
22 50 -19.625
22 48 69.875
22 40 -33.875
22 33 -60.750
22 31 82.125
22 29 -10.125
22 24 9.125
23 46 -84.375
23 44 86.125
23 29 48.750
23 25 18.000
24 49 -67.375
24 46 62.375
24 44 -73.500
24 42 94.125
24 37 99.625
24 35 -10.125
24 31 77.750
24 29 -91.625
24 28 56.500
24 27 97.625
24 25 -68.875
25 49 64.500
25 33 -19.875
25 28 13.250
25 27 45.125
26 50 -55.125
26 49 68.125
26 40 -77.875
26 39 98.750
26 33 31.375
26 27 1.500
27 40 -18.125
27 36 29.000
27 28 5.625
28 50 27.500
28 49 18.875
28 48 -90.250
28 40 -60.125
28 32 75.375
28 31 -89.375
29 44 50.000
29 42 25.125
29 40 48.500
29 39 13.125
29 34 -93.500
29 33 14.500
29 32 -83.375
30 42 4.250
30 41 -90.000
30 35 96.625
31 50 62.125
31 49 -29.875
31 47 -39.875
31 38 -11.000
32 47 -79.500
32 35 -59.375
33 45 19.750
33 36 56.125
33 35 68.000
34 47 34.000
34 46 -40.500
34 42 82.000
34 37 -77.875
35 49 -43.750
35 45 -44.375
36 44 58.625
37 45 46.875
37 38 41.250
38 48 71.000
38 47 70.500
38 45 71.375
38 43 -87.250
38 40 22.875
39 49 -47.000
39 46 93.750
39 45 89.875
39 43 -56.875
39 42 -15.000
40 46 -77.500
40 44 -84.125
40 42 -57.750
41 47 12.750
41 42 18.000
42 50 27.375
42 47 13.875
42 43 9.000
43 50 30.500
43 47 57.500
43 46 91.750
45 50 -71.750
45 49 -20.375
45 46 25.625
47 50 -29.750
47 48 -1.750
