dl
format=edgelist1
n=50
data:
1 50 7.625
1 41 61.625
1 29 -16.125
1 28 -12.375
1 25 -69.250
1 17 -33.750
1 14 8.375
1 10 30.125
1 2 -42.250
2 47 10.500
2 30 33.125
2 28 8.000
2 27 -5.250
2 25 -40.375
2 20 -38.875
2 19 -24.500
2 13 -52.750
2 12 -48.375
2 8 -68.250
3 46 36.750
3 42 79.125
3 39 10.750
3 23 -29.375
3 15 79.750
3 6 65.875
4 47 -84.875
4 42 -14.000
4 33 -6.375
4 26 -77.250
4 25 -41.625
4 19 -13.250
4 13 90.625
4 9 -30.000
4 5 -85.000
5 46 12.375
5 45 58.250
5 42 -70.500
5 38 -56.750
5 37 58.000
5 36 -3.375
5 26 63.750
5 15 -92.375
5 12 -47.000
5 8 29.000
6 46 -26.500
6 41 60.875
6 27 -20.750
6 25 20.750
6 24 -3.375
6 9 76.500
7 34 -67.125
7 26 92.125
7 16 -31.125
8 48 1.625
8 46 -69.375
8 45 63.250
8 33 16.875
8 27 -62.625
8 22 -28.750
8 19 -31.250
8 11 -73.750
9 48 -62.875
9 34 98.250
9 24 -27.500
9 23 93.750
10 43 30.750
10 40 67.375
10 35 -55.750
10 27 -65.375
10 25 39.000
10 21 98.875
11 42 53.875
11 39 10.250
11 33 -55.625
11 31 23.125
11 29 92.375
11 27 16.875
11 22 -95.875
12 47 -41.500
12 45 -75.125
12 36 -64.250
12 25 -0.750
12 24 49.000
12 21 -66.250
12 19 79.375
13 50 98.625
13 35 43.500
13 33 -94.000
13 32 92.500
13 21 79.875
13 18 -35.875
14 48 -19.250
14 42 8.375
14 29 97.500
14 21 57.875
14 17 -5.625
15 50 20.875
15 48 80.375
15 47 66.875
15 45 94.125
15 41 17.750
15 37 15.375
15 36 -15.625
15 31 73.125
15 27 40.375
15 23 72.750
16 50 -33.125
16 49 41.000
16 48 -99.750
16 47 34.125
16 46 -94.875
16 37 -70.625
16 35 -51.000
16 33 66.000
16 32 54.750
16 27 -89.250
16 26 99.875
16 25 10.250
17 50 17.000
17 48 84.250
17 45 -72.125
17 37 23.375
17 36 -57.125
17 18 -71.250
18 48 33.125
18 43 9.625
18 40 57.375
18 26 -96.250
18 24 -22.625
18 21 -82.375
19 44 -6.000
19 38 78.125
19 24 30.500
19 23 71.750
20 50 53.125
20 38 -97.750
20 33 4.625
20 32 99.875
20 29 -54.625
20 26 -33.500
21 45 34.875
21 40 -82.500
21 34 4.625
21 32 97.375
21 24 -92.250
22 50 -48.250
22 49 -93.625
22 47 -62.500
22 35 -80.000
22 34 70.125
22 24 97.125
23 50 -86.125
23 42 73.750
23 38 71.125
23 37 -71.375
23 36 -24.875
23 25 -97.250
23 24 12.375
24 49 -88.125
24 38 4.000
24 32 -66.500
24 31 -5.125
24 27 -3.375
25 49 -5.500
25 44 -19.125
25 36 -12.375
26 50 -14.375
26 49 70.125
26 41 55.750
26 29 -55.875
26 28 34.000
27 50 -17.750
27 34 -78.625
27 32 -85.000
27 30 70.750
28 48 55.250
28 41 -11.250
28 31 -40.000
29 48 24.625
29 39 77.125
29 32 53.875
29 31 -30.375
30 45 94.000
30 44 71.000
30 43 48.750
31 45 66.750
31 42 24.375
32 45 -86.750
33 50 -44.875
33 46 -7.625
33 43 -0.375
33 40 -57.000
33 39 -30.250
33 36 46.625
34 49 15.875
34 43 40.500
34 42 12.750
34 40 -81.625
34 39 -84.500
35 47 37.000
35 44 23.875
35 39 85.000
35 36 -30.875
36 48 49.875
36 42 -32.000
36 38 -8.500
37 49 -57.125
38 44 28.125
38 42 -39.625
39 49 10.500
39 42 -83.125
40 50 99.625
40 49 -16.500
40 44 -5.000
40 41 83.875
41 50 -48.500
41 48 -21.875
42 46 -88.750
42 45 34.625
43 50 -12.500
43 45 -66.125
44 50 -93.375
44 48 28.375
44 46 -32.875
45 50 62.875
49 50 -43.250
