dl
format=edgelist1
n=250
data:
1 245 47.000
1 241 -61.875
1 239 -85.500
1 222 97.750
1 214 -49.500
1 209 -52.500
1 198 13.125
1 190 28.750
1 165 99.000
1 162 51.000
1 159 -38.750
1 150 27.625
1 136 -51.375
1 131 -95.375
1 129 -50.125
1 127 -8.000
1 125 -85.250
1 123 79.000
1 105 54.625
1 100 -22.750
1 99 4.875
1 96 45.625
1 86 81.750
1 85 54.250
1 80 96.875
1 77 30.375
1 75 -0.625
1 61 17.750
1 53 16.125
1 43 -78.125
1 42 -56.625
1 39 67.375
1 28 28.625
1 21 53.125
1 12 -78.125
1 9 -49.125
2 246 -79.500
2 245 99.250
2 238 33.000
2 234 64.750
2 233 86.000
2 229 -8.250
2 228 -27.500
2 224 -30.500
2 215 -4.250
2 210 -24.750
2 208 -99.500
2 205 19.250
2 189 78.250
2 183 -25.250
2 179 37.875
2 177 -64.500
2 176 -33.250
2 171 -71.125
2 157 45.500
2 155 9.375
2 151 -71.000
2 149 57.250
2 139 61.750
2 132 91.750
2 120 29.375
2 102 -11.750
2 94 -71.500
2 77 92.750
2 71 -45.125
2 60 -38.250
2 46 -36.500
2 38 61.625
2 34 75.000
2 32 -10.000
2 12 -37.750
2 4 -99.250
3 237 -70.250
3 236 -23.875
3 224 -24.125
3 220 83.000
3 212 55.625
3 210 -8.750
3 207 99.125
3 195 -72.500
3 191 -89.875
3 190 -78.375
3 187 -35.375
3 176 -99.875
3 170 -75.125
3 163 83.625
3 156 46.625
3 151 -2.750
3 148 -2.875
3 145 37.250
3 134 50.125
3 109 -14.750
3 103 -80.250
3 97 78.250
3 75 -38.750
3 73 21.500
3 68 89.000
3 59 -50.750
3 58 64.875
3 52 18.625
3 46 54.000
3 45 -43.125
3 37 -76.750
3 34 25.625
3 28 94.125
3 26 70.125
3 25 -35.875
3 22 -76.375
3 14 24.500
3 7 -13.750
4 246 -77.250
4 221 50.000
4 220 40.625
4 219 -32.000
4 204 61.375
4 199 -21.000
4 197 -71.500
4 194 67.875
4 192 -70.125
4 182 -11.625
4 175 11.625
4 174 -49.500
4 169 -46.125
4 162 13.375
4 123 2.250
4 118 -58.125
4 106 29.250
4 83 -94.875
4 69 63.500
4 59 -45.875
4 52 22.375
4 51 69.375
4 50 65.500
4 47 -32.625
4 43 38.500
4 30 -10.750
4 29 43.000
5 249 -11.625
5 245 -66.375
5 231 -39.625
5 223 -8.375
5 219 95.875
5 210 62.875
5 208 -30.250
5 204 -53.375
5 203 1.750
5 194 -21.500
5 186 27.250
5 180 -96.500
5 165 29.750
5 153 -19.875
5 151 -48.875
5 146 -67.875
5 143 31.375
5 134 68.125
5 131 -18.375
5 123 5.375
5 120 -11.250
5 112 74.500
5 109 -88.000
5 107 80.250
5 97 -48.875
5 93 23.125
5 91 -19.250
5 85 -99.750
5 82 54.500
5 77 55.125
5 74 85.750
5 65 29.750
5 58 12.625
5 47 -43.875
5 38 24.125
5 30 -17.000
5 8 -6.875
6 248 -75.375
6 246 60.750
6 245 -92.375
6 235 -92.000
6 211 61.125
6 210 -8.875
6 207 -64.875
6 206 -22.500
6 205 2.250
6 204 -86.875
6 200 -39.625
6 186 -71.750
6 171 6.750
6 147 -49.875
6 141 95.000
6 139 88.875
6 138 18.750
6 137 58.875
6 129 -85.375
6 125 16.500
6 118 -46.500
6 109 21.000
6 108 82.000
6 101 -69.875
6 100 -18.000
6 88 -13.250
6 72 -58.625
6 71 68.000
6 67 -50.875
6 53 29.875
6 46 18.875
6 45 -48.625
6 33 -5.750
6 15 -45.250
6 9 41.625
7 250 72.750
7 248 91.625
7 241 10.000
7 226 69.500
7 216 13.625
7 210 47.250
7 209 -96.125
7 204 39.125
7 190 -35.875
7 175 -80.625
7 172 -79.000
7 155 21.750
7 142 55.750
7 141 27.000
7 135 -16.500
7 128 58.875
7 121 56.000
7 89 85.375
7 86 48.000
7 83 86.750
7 74 -65.125
7 67 8.500
7 61 36.875
7 57 36.375
7 53 73.250
7 44 75.500
7 40 96.625
7 37 -1.875
7 33 -32.750
7 19 -51.000
7 15 63.500
8 246 86.750
8 244 11.750
8 239 99.000
8 235 -38.625
8 231 -53.375
8 224 -73.125
8 221 -25.000
8 220 -6.375
8 218 -26.250
8 209 -78.875
8 201 93.125
8 197 -50.875
8 191 64.375
8 188 -58.500
8 177 33.125
8 172 35.625
8 170 78.875
8 167 65.000
8 153 -39.250
8 147 -7.625
8 144 -21.375
8 135 -57.250
8 125 -84.125
8 123 96.750
8 115 -32.875
8 108 -1.000
8 103 -71.375
8 80 -0.250
8 71 -86.375
8 42 -92.250
8 39 -11.125
8 37 -47.750
8 31 -33.125
8 20 -86.500
8 18 -11.375
8 14 87.125
9 249 -98.875
9 241 -52.250
9 233 21.125
9 232 -83.625
9 203 48.875
9 202 -62.500
9 195 23.000
9 194 -41.250
9 189 56.500
9 176 -8.000
9 167 9.500
9 160 -35.250
9 148 -78.625
9 144 -12.125
9 137 16.500
9 123 -22.375
9 115 -61.250
9 107 -96.000
9 106 76.125
9 97 -2.000
9 96 4.125
9 94 77.875
9 93 -46.625
9 92 95.500
9 90 -9.250
9 83 50.250
9 68 -9.250
9 65 4.875
9 49 48.125
9 40 -80.125
9 38 45.375
9 36 -48.000
9 31 67.625
9 27 95.125
9 21 99.625
9 10 -87.500
10 239 70.875
10 222 60.500
10 220 -30.125
10 212 -29.750
10 193 15.500
10 184 91.125
10 182 -66.625
10 179 -46.375
10 173 -54.250
10 161 -84.375
10 157 -73.875
10 154 -54.000
10 151 98.750
10 149 44.750
10 142 -23.000
10 130 62.750
10 115 70.250
10 106 -26.250
10 84 9.250
10 83 -9.875
10 75 -82.875
10 70 -73.500
10 54 -91.375
10 48 -40.875
10 42 98.500
10 40 -28.750
10 33 -85.375
10 32 7.250
10 15 27.250
10 14 64.875
10 12 21.125
11 250 -8.750
11 246 -77.750
11 242 95.000
11 232 70.750
11 230 3.750
11 224 -23.625
11 214 -71.375
11 200 -19.000
11 197 41.250
11 191 60.000
11 184 15.625
11 177 -39.000
11 176 -72.750
11 174 86.125
11 160 -4.000
11 159 -73.125
11 157 -54.875
11 156 -2.375
11 150 16.250
11 148 53.750
11 136 90.625
11 134 81.625
11 124 -40.000
11 123 97.500
11 115 60.875
11 98 38.500
11 66 -37.375
11 64 -77.625
11 59 -12.250
11 45 -12.875
11 36 -95.125
11 35 -3.250
11 28 90.875
11 20 67.875
11 16 -35.125
12 245 -29.250
12 212 -42.000
12 206 25.625
12 195 -10.750
12 193 89.625
12 170 17.875
12 169 72.875
12 164 -11.625
12 157 4.875
12 156 27.000
12 151 -51.125
12 139 85.125
12 113 -33.000
12 104 -68.875
12 101 -46.250
12 82 -52.750
12 61 -85.875
12 51 -18.375
12 47 71.375
12 36 -51.875
12 32 4.250
12 31 -44.375
12 20 48.125
12 18 77.250
13 235 16.625
13 232 -46.500
13 221 48.875
13 218 -38.125
13 210 0.500
13 207 -26.750
13 205 -74.250
13 200 -93.500
13 193 17.375
13 185 79.000
13 181 -52.500
13 180 83.875
13 175 -65.000
13 166 10.000
13 156 -17.375
13 139 54.375
13 132 75.375
13 112 -91.625
13 104 64.250
13 102 -2.500
13 101 61.000
13 91 -20.000
13 87 -63.250
13 83 29.000
13 81 -76.125
13 70 -68.500
13 57 -41.000
13 48 -90.500
13 36 -28.875
13 28 -90.875
13 27 -34.500
13 14 -18.250
14 233 26.875
14 230 -94.625
14 229 89.125
14 226 93.125
14 218 -79.875
14 210 4.750
14 208 64.000
14 199 -52.500
14 195 75.125
14 191 -13.000
14 187 -68.125
14 169 53.000
14 156 7.875
14 155 -74.375
14 152 -1.125
14 138 -14.875
14 127 48.250
14 114 -63.250
14 103 -76.625
14 98 -67.000
14 87 1.750
14 81 -99.875
14 69 80.000
14 66 78.125
14 65 -99.875
14 58 21.625
14 51 -21.250
14 50 34.375
14 24 -80.250
14 22 -78.125
14 20 68.250
14 17 10.750
14 16 -21.500
15 247 55.500
15 238 11.750
15 237 -11.000
15 235 17.625
15 228 -59.125
15 217 98.125
15 200 -36.125
15 191 33.625
15 190 -70.250
15 181 -82.375
15 173 91.250
15 168 -9.000
15 157 67.500
15 156 -36.375
15 153 48.625
15 137 -43.375
15 128 -48.875
15 122 88.125
15 102 -55.500
15 64 43.750
15 62 -87.375
15 51 97.750
15 48 -12.750
15 46 -71.625
15 42 10.750
15 28 -41.000
16 245 32.375
16 244 14.875
16 238 -2.750
16 220 74.375
16 218 -17.000
16 216 -73.250
16 198 -66.875
16 194 -97.625
16 193 44.625
16 192 -43.625
16 183 -23.000
16 180 -71.875
16 178 48.125
16 175 -37.000
16 142 88.750
16 135 26.125
16 134 3.875
16 132 4.250
16 129 2.625
16 123 -16.125
16 122 -24.875
16 119 -99.125
16 110 15.750
16 99 -31.750
16 90 72.875
16 89 32.375
16 74 -22.625
16 70 89.250
16 67 -64.750
16 61 44.375
16 55 1.375
16 48 -31.375
17 238 95.375
17 229 -72.125
17 228 78.125
17 227 63.125
17 224 52.500
17 218 31.625
17 215 -8.750
17 214 -62.750
17 208 0.000
17 207 -11.625
17 206 74.125
17 201 -71.750
17 198 40.750
17 185 -16.250
17 183 -49.125
17 181 52.750
17 177 -83.125
17 172 -90.000
17 166 41.750
17 160 -67.000
17 157 64.625
17 145 35.375
17 144 -80.125
17 142 -26.875
17 140 14.875
17 133 -60.375
17 130 -57.875
17 118 46.625
17 117 73.000
17 116 53.375
17 107 -57.500
17 91 88.375
17 84 82.375
17 78 -56.000
17 71 -30.250
17 63 -80.625
17 56 -3.250
17 33 -38.750
17 32 87.500
18 249 4.375
18 245 -17.250
18 229 -60.000
18 211 -20.750
18 209 91.625
18 205 50.750
18 204 -64.000
18 200 -39.000
18 188 34.375
18 183 94.125
18 178 99.750
18 161 41.875
18 157 8.625
18 134 -36.250
18 133 12.125
18 132 -79.375
18 131 61.750
18 121 18.750
18 117 -59.875
18 114 -35.500
18 103 8.625
18 85 -92.750
18 82 8.375
18 77 -67.750
18 67 -27.250
18 63 51.750
18 62 18.000
18 61 27.875
18 56 -80.000
18 46 -84.250
18 44 -87.375
18 40 97.375
18 39 63.875
18 35 -56.750
18 30 -54.750
18 27 58.750
18 21 69.000
18 19 -94.125
19 248 -76.250
19 218 -49.875
19 215 -35.000
19 213 -9.750
19 203 -76.500
19 201 33.625
19 188 74.625
19 185 29.500
19 176 -10.250
19 175 40.875
19 159 45.750
19 147 -78.875
19 146 88.000
19 138 -33.125
19 118 21.125
19 97 -0.250
19 92 73.125
19 83 -48.375
19 80 -77.375
19 74 -50.500
19 55 9.375
19 49 22.750
19 37 -11.625
19 36 -11.250
19 32 -59.625
20 250 -97.875
20 246 -19.500
20 235 -93.000
20 234 -71.000
20 231 64.250
20 229 36.500
20 225 -91.625
20 222 46.875
20 219 70.250
20 217 98.375
20 203 57.125
20 196 -17.625
20 169 -26.750
20 162 95.375
20 160 93.250
20 149 62.875
20 142 -47.250
20 139 55.000
20 136 -97.750
20 134 -54.250
20 129 54.250
20 127 42.250
20 123 82.125
20 116 -49.000
20 110 99.500
20 109 57.750
20 104 -88.000
20 102 -79.875
20 100 3.875
20 84 -41.625
20 76 11.500
20 65 -34.875
20 47 22.250
20 43 -9.250
20 36 16.750
20 35 33.375
20 28 14.000
20 26 -49.500
20 25 86.875
21 250 84.000
21 246 85.625
21 245 -11.250
21 241 62.125
21 239 -39.875
21 228 -16.500
21 225 -60.125
21 217 -91.875
21 216 -18.125
21 215 -54.750
21 213 -89.250
21 202 -46.125
21 197 -73.375
21 195 -34.125
21 192 -38.375
21 188 -50.875
21 176 14.250
21 168 59.750
21 165 -72.875
21 164 -58.250
21 159 3.750
21 155 -45.250
21 153 60.750
21 142 -57.250
21 131 70.000
21 129 -77.500
21 128 -46.125
21 118 79.875
21 117 70.875
21 103 69.625
21 84 60.875
21 80 -81.875
21 74 77.125
21 73 71.125
21 72 89.625
21 69 72.875
21 61 -88.250
21 51 -4.750
21 45 -96.250
21 44 94.250
21 32 -43.125
21 30 -50.000
21 25 17.750
22 241 23.500
22 237 -40.125
22 236 96.000
22 235 17.625
22 229 -35.375
22 224 57.250
22 217 -70.375
22 216 -44.875
22 213 80.750
22 200 -67.875
22 196 -64.000
22 191 53.875
22 185 93.625
22 184 -43.750
22 174 -64.875
22 152 25.250
22 111 -79.125
22 110 -16.000
22 97 -96.125
22 94 -31.375
22 86 -35.000
22 82 -60.250
22 80 -91.625
22 79 -6.500
22 76 -39.500
22 42 26.375
22 39 79.500
23 250 13.750
23 247 34.750
23 243 -91.625
23 226 32.375
23 215 -3.250
23 211 -13.375
23 209 41.500
23 199 -55.750
23 197 -97.750
23 195 88.125
23 185 45.000
23 182 36.000
23 177 -79.500
23 174 -58.000
23 169 87.125
23 154 11.375
23 152 28.625
23 151 -57.250
23 148 -72.000
23 114 -77.375
23 113 16.125
23 109 97.750
23 99 22.875
23 98 11.625
23 94 68.875
23 86 -6.500
23 79 69.000
23 78 -49.625
23 72 -17.750
23 55 32.875
23 54 -15.500
23 36 -53.125
24 236 -91.125
24 231 -51.750
24 230 29.750
24 224 -16.500
24 221 28.750
24 220 -88.500
24 214 76.375
24 205 -65.875
24 202 -86.875
24 200 -10.250
24 190 -28.750
24 174 23.375
24 173 -30.000
24 170 8.875
24 164 -6.750
24 163 60.000
24 152 89.250
24 141 0.625
24 139 44.500
24 132 -81.000
24 126 30.250
24 123 72.750
24 120 18.375
24 116 56.000
24 108 -5.125
24 94 23.750
24 69 -97.125
24 57 -99.375
24 54 -89.125
24 53 -48.750
24 51 75.000
24 44 86.500
24 34 -77.500
25 243 18.375
25 241 81.625
25 238 -45.500
25 233 -70.375
25 228 -31.375
25 220 -9.375
25 218 36.750
25 200 35.750
25 196 -56.750
25 193 53.750
25 187 43.625
25 179 98.625
25 177 45.125
25 176 -41.500
25 171 -27.125
25 163 64.625
25 129 -96.125
25 118 80.000
25 115 -10.375
25 100 0.875
25 99 -49.125
25 86 -25.125
25 80 14.625
25 77 3.375
25 76 -32.500
25 73 -11.375
25 72 10.250
25 68 -65.375
25 56 -97.625
25 49 -44.625
25 31 -23.750
25 30 -85.125
26 246 -78.625
26 236 9.625
26 231 27.875
26 219 -74.000
26 212 -53.375
26 207 -3.250
26 195 98.250
26 192 -68.250
26 188 -24.250
26 179 5.000
26 178 34.375
26 177 20.875
26 160 92.500
26 147 -46.875
26 135 75.750
26 134 42.000
26 125 -74.000
26 120 -76.500
26 117 59.750
26 91 -38.000
26 89 -30.625
26 87 10.125
26 81 87.500
26 74 82.000
26 67 -81.625
26 63 59.125
26 62 91.125
26 59 53.250
26 58 42.625
26 55 8.625
26 53 29.750
26 46 62.500
26 34 -64.250
27 249 14.500
27 246 -87.875
27 245 -44.750
27 233 11.625
27 218 49.000
27 209 -9.875
27 199 -34.625
27 176 -1.000
27 174 25.000
27 172 -86.375
27 171 48.750
27 170 -20.625
27 166 -90.750
27 151 73.875
27 141 -21.875
27 129 4.625
27 123 -37.500
27 111 68.250
27 107 -18.625
27 91 75.375
27 89 44.250
27 87 77.750
27 78 79.375
27 69 -69.125
27 55 -8.375
27 50 10.875
27 49 44.500
27 48 5.625
27 30 19.000
28 247 -45.750
28 244 64.875
28 243 -75.375
28 229 66.125
28 224 31.625
28 223 -4.000
28 211 -91.750
28 205 72.875
28 195 -4.500
28 185 -9.750
28 184 61.500
28 180 -40.375
28 166 -14.750
28 146 -31.250
28 144 -15.750
28 137 72.625
28 136 -15.875
28 133 32.375
28 124 -82.250
28 116 4.000
28 112 1.625
28 111 37.750
28 96 24.375
28 89 63.000
28 69 -58.625
28 68 25.250
28 63 -41.000
28 56 47.250
28 53 -56.875
28 48 43.125
28 47 34.000
28 42 -75.625
28 32 95.000
29 244 -79.125
29 237 -75.375
29 235 -47.500
29 233 -72.500
29 226 -36.125
29 225 19.750
29 211 72.000
29 204 -15.000
29 202 -58.250
29 200 21.000
29 195 -72.125
29 184 58.250
29 183 96.000
29 182 40.500
29 180 -56.625
29 179 -78.125
29 165 -23.625
29 164 65.250
29 160 4.250
29 157 -2.625
29 146 -74.500
29 144 47.125
29 142 -95.875
29 139 26.125
29 138 43.750
29 127 7.125
29 126 88.500
29 124 -97.750
29 117 -3.000
29 113 -16.750
29 112 39.500
29 106 -72.125
29 101 86.375
29 84 13.125
29 67 -11.000
29 50 1.375
29 48 -92.750
29 39 76.125
29 33 -88.750
30 250 -93.000
30 248 88.125
30 242 66.125
30 232 -83.375
30 231 67.375
30 223 -5.875
30 220 35.000
30 216 -62.875
30 215 67.750
30 177 42.625
30 173 41.375
30 169 -61.125
30 163 -87.125
30 157 -64.125
30 148 26.625
30 140 -11.875
30 136 85.750
30 126 -81.500
30 89 -72.500
30 82 -3.375
30 73 93.625
30 69 -85.125
30 60 -78.500
30 56 20.750
30 43 -97.375
30 39 -11.250
31 248 -39.500
31 243 -75.125
31 242 26.125
31 211 -6.375
31 209 71.875
31 205 -73.625
31 202 -38.875
31 193 -38.500
31 188 71.875
31 186 21.500
31 174 -90.250
31 173 29.125
31 172 38.125
31 168 39.750
31 167 -28.750
31 165 99.500
31 164 -62.125
31 157 57.875
31 148 66.250
31 147 -48.500
31 141 -0.625
31 137 -68.875
31 122 63.000
31 118 82.500
31 116 -64.625
31 106 94.250
31 91 65.125
31 77 71.250
31 75 -98.125
31 59 -16.375
31 47 25.125
31 46 -80.125
31 39 -99.000
31 35 67.000
31 32 55.875
32 243 13.000
32 242 68.875
32 241 -27.625
32 235 -30.000
32 207 -25.250
32 193 18.875
32 191 16.125
32 190 -71.750
32 188 13.750
32 177 -62.500
32 163 -23.875
32 149 92.000
32 142 0.250
32 129 6.750
32 125 -96.500
32 118 85.125
32 93 -19.375
32 67 8.875
32 50 -89.750
32 47 -41.750
32 45 92.250
33 250 41.250
33 232 -19.375
33 225 97.375
33 204 -39.500
33 187 -88.625
33 186 -93.875
33 183 -38.250
33 172 -39.625
33 134 77.625
33 130 -12.125
33 124 -4.125
33 110 -17.125
33 102 32.250
33 100 89.000
33 99 -62.875
33 97 -71.625
33 94 -79.625
33 76 43.125
33 69 57.625
33 48 -79.125
34 243 69.250
34 240 -41.875
34 236 34.500
34 225 -29.000
34 219 -15.000
34 214 37.375
34 212 12.125
34 207 84.625
34 193 -58.125
34 189 -21.625
34 169 75.875
34 162 -90.750
34 160 -48.125
34 158 -26.625
34 156 81.500
34 142 -55.625
34 137 74.000
34 125 36.125
34 123 -59.500
34 106 48.625
34 96 -72.375
34 94 -6.875
34 73 -3.000
34 69 2.375
34 60 -49.125
34 59 -6.500
35 250 5.000
35 245 -39.750
35 235 -4.125
35 225 -92.125
35 208 63.875
35 207 -43.625
35 201 13.750
35 200 -42.375
35 196 94.375
35 191 86.875
35 187 -63.875
35 174 -30.750
35 165 14.625
35 163 -8.875
35 159 -81.500
35 145 88.500
35 142 31.750
35 132 74.125
35 129 -12.500
35 120 51.125
35 119 -56.250
35 118 -59.375
35 113 28.000
35 106 38.000
35 99 13.125
35 93 -3.875
35 91 -49.875
35 87 -42.250
35 82 -12.625
35 80 72.250
35 79 45.875
35 53 92.000
35 42 -14.125
35 40 29.625
36 246 -75.375
36 244 72.375
36 242 26.500
36 225 -32.250
36 216 -54.000
36 212 55.125
36 210 45.000
36 209 45.500
36 207 38.375
36 198 60.125
36 188 78.125
36 186 -9.750
36 183 -92.875
36 177 -12.750
36 172 -40.750
36 169 -12.125
36 146 55.625
36 139 -90.250
36 136 -52.750
36 131 -86.875
36 130 -10.000
36 127 -6.750
36 125 -92.750
36 120 5.750
36 112 -24.750
36 101 99.500
36 96 52.875
36 85 -88.250
36 80 -89.625
36 61 61.750
36 58 -84.250
36 42 -28.500
37 250 -68.125
37 247 -92.500
37 244 98.875
37 243 29.750
37 208 4.500
37 207 22.875
37 183 -71.500
37 182 -27.750
37 174 -77.500
37 152 -71.250
37 149 52.250
37 141 47.250
37 137 39.625
37 133 47.750
37 117 -47.625
37 100 54.000
37 94 51.375
37 87 74.875
37 80 -77.375
37 60 6.500
37 59 83.125
37 51 70.875
37 44 38.250
37 42 -17.375
38 248 -36.500
38 229 -9.250
38 225 -6.500
38 224 99.750
38 221 91.250
38 220 -73.625
38 213 -81.500
38 208 -12.625
38 204 -57.875
38 199 22.500
38 194 80.375
38 183 -1.125
38 173 89.000
38 161 89.500
38 160 -34.250
38 155 99.750
38 148 69.750
38 137 -15.000
38 134 -54.750
38 127 -87.250
38 126 -80.000
38 119 15.875
38 118 59.875
38 116 29.375
38 112 45.625
38 109 54.125
38 104 -1.375
38 103 32.375
38 95 -81.125
38 92 48.875
38 90 85.375
38 88 26.125
38 74 45.750
38 61 -49.625
38 47 77.500
39 242 -21.000
39 236 23.500
39 232 74.500
39 231 18.000
39 228 -54.000
39 224 48.000
39 223 -25.625
39 222 -47.375
39 219 -71.000
39 212 42.000
39 209 -70.125
39 206 -86.750
39 201 77.500
39 191 89.000
39 188 -62.250
39 184 -68.000
39 182 -24.500
39 178 47.625
39 177 -43.750
39 169 -17.250
39 164 76.750
39 159 56.375
39 157 47.875
39 152 -11.750
39 147 -76.500
39 141 41.500
39 134 -35.750
39 109 -90.875
39 102 -16.250
39 101 -17.875
39 100 70.125
39 98 18.000
39 97 63.500
39 93 -62.500
39 73 -47.750
39 67 -47.125
39 66 -30.125
39 59 -98.375
39 58 -74.875
40 241 31.250
40 238 -34.375
40 234 66.250
40 232 -6.000
40 220 -39.875
40 181 -84.625
40 172 -82.000
40 171 -7.000
40 169 -35.500
40 167 61.750
40 161 9.250
40 158 -89.375
40 155 45.875
40 151 5.375
40 148 23.875
40 145 2.500
40 143 17.875
40 141 -23.750
40 132 63.375
40 126 -97.250
40 119 84.500
40 116 -43.750
40 108 -60.625
40 102 -61.000
40 100 -1.250
40 85 -64.125
40 74 40.125
40 55 88.375
41 248 -31.375
41 245 48.125
41 224 77.625
41 222 2.125
41 221 -6.250
41 219 56.375
41 212 50.250
41 208 66.875
41 189 53.875
41 186 1.750
41 181 10.500
41 175 -2.125
41 167 -52.500
41 143 -36.875
41 140 19.500
41 127 -82.625
41 124 22.625
41 107 97.375
41 79 -66.375
41 78 -79.625
41 77 41.125
41 76 -11.875
41 74 -32.625
41 63 -31.625
41 52 -7.125
41 42 49.000
42 246 22.875
42 237 -21.875
42 222 -78.125
42 215 -53.750
42 201 -40.125
42 198 90.625
42 185 77.125
42 183 -50.750
42 178 89.875
42 171 85.750
42 163 89.000
42 159 27.875
42 150 16.250
42 145 60.750
42 143 81.375
42 124 -1.750
42 115 38.375
42 83 12.250
42 70 -62.875
42 58 65.875
42 49 20.125
42 48 28.250
42 46 80.375
43 250 -29.625
43 242 90.625
43 237 19.625
43 231 -98.625
43 227 -86.750
43 225 -67.500
43 224 17.125
43 222 60.000
43 218 43.625
43 209 -23.375
43 202 80.750
43 198 57.000
43 190 -16.750
43 172 9.375
43 171 90.250
43 164 -7.500
43 157 30.125
43 154 61.625
43 151 35.250
43 141 30.500
43 140 57.375
43 133 42.000
43 130 -22.125
43 127 40.000
43 122 45.750
43 121 73.875
43 111 4.875
43 105 -16.125
43 99 76.125
43 91 4.625
43 90 23.375
43 82 77.625
43 61 -89.750
43 47 74.375
44 249 -47.125
44 237 42.250
44 235 -39.125
44 227 -25.500
44 225 -2.375
44 221 61.250
44 219 22.750
44 216 62.375
44 211 -3.625
44 207 1.625
44 169 32.250
44 151 77.250
44 142 -38.125
44 140 -58.875
44 79 -88.250
44 74 -52.000
44 72 6.250
44 69 71.875
44 67 -26.500
44 64 -90.250
44 62 -6.125
44 49 41.625
45 236 67.250
45 224 -93.875
45 219 69.625
45 217 -85.500
45 215 49.625
45 205 -7.250
45 202 26.125
45 194 1.000
45 190 28.250
45 185 65.500
45 172 26.875
45 171 -14.625
45 162 -67.750
45 156 11.125
45 151 -2.750
45 148 78.625
45 138 37.750
45 133 -96.000
45 122 -14.750
45 118 -99.250
45 114 -32.750
45 100 -5.375
45 88 91.875
45 77 58.250
45 73 -77.625
45 72 16.250
45 66 -13.625
45 64 -71.000
45 46 50.375
46 232 74.750
46 229 -69.625
46 223 41.375
46 212 -98.500
46 206 -95.500
46 204 55.750
46 197 90.875
46 196 79.750
46 161 -68.750
46 157 -37.250
46 151 -14.500
46 150 32.750
46 146 -77.500
46 144 -5.375
46 121 74.000
46 106 -49.125
46 96 -32.625
46 82 -52.500
46 77 67.625
46 66 -71.625
46 55 44.625
46 47 -32.625
47 249 -92.750
47 248 69.375
47 241 -72.375
47 238 -87.750
47 227 -61.875
47 220 8.625
47 212 84.750
47 207 8.125
47 202 69.125
47 200 70.625
47 198 47.250
47 196 48.750
47 195 47.250
47 189 34.375
47 172 -39.125
47 171 75.250
47 155 -75.750
47 154 -37.875
47 148 88.000
47 139 -76.125
47 119 8.125
47 107 -77.500
47 104 50.625
47 103 -73.875
47 87 -88.875
47 79 -81.875
47 74 -10.875
47 72 -14.750
47 58 14.875
47 56 40.125
48 247 -20.375
48 235 86.125
48 233 -90.375
48 232 -75.000
48 231 -33.750
48 209 -71.875
48 194 -97.875
48 188 -59.250
48 186 43.375
48 171 -60.125
48 169 -23.000
48 161 -2.750
48 156 -97.375
48 150 41.375
48 145 62.875
48 144 -80.000
48 140 57.250
48 138 55.625
48 135 78.875
48 132 -70.500
48 130 15.125
48 122 23.000
48 117 -90.875
48 106 50.500
48 105 79.375
48 102 70.500
48 101 34.125
48 90 74.250
48 86 -5.875
48 71 79.500
48 68 -92.000
48 67 -58.000
48 66 23.125
48 64 -86.500
48 63 70.250
48 54 -96.875
49 240 95.750
49 223 -55.875
49 222 7.375
49 196 -50.625
49 193 1.625
49 185 -67.625
49 184 -94.500
49 182 -24.875
49 181 14.875
49 178 -28.750
49 157 30.375
49 153 85.250
49 150 36.500
49 145 56.375
49 143 -18.875
49 135 -13.750
49 129 29.125
49 125 92.125
49 121 -49.625
49 119 17.000
49 110 37.875
49 107 -67.250
49 97 -29.250
49 95 33.250
49 92 -35.875
49 88 2.875
49 84 25.625
49 83 -65.375
49 81 40.750
49 78 41.875
49 74 37.250
49 67 -7.500
49 64 -72.875
49 57 46.500
50 247 -82.750
50 242 -58.000
50 230 -41.500
50 229 11.500
50 219 -65.375
50 217 74.500
50 205 -43.250
50 203 96.250
50 201 9.250
50 200 -76.625
50 199 37.500
50 190 -27.250
50 189 -24.000
50 170 17.125
50 167 92.000
50 159 47.000
50 150 -0.125
50 144 83.625
50 126 22.500
50 123 -32.125
50 111 53.500
50 110 97.375
50 103 -27.625
50 101 -60.125
50 98 66.875
50 95 -27.500
50 92 43.875
50 88 -35.125
50 86 99.625
50 80 -26.000
50 65 -95.250
50 61 -34.750
50 57 -56.875
50 52 63.750
51 246 -65.500
51 243 -15.000
51 242 -63.500
51 239 93.875
51 235 -60.750
51 224 -33.000
51 223 -58.000
51 220 38.625
51 215 -16.375
51 208 93.375
51 206 94.500
51 205 30.000
51 200 -51.500
51 188 33.500
51 175 78.500
51 174 93.125
51 153 -61.625
51 145 91.000
51 141 63.500
51 134 79.125
51 132 61.125
51 131 -53.500
51 130 -4.750
51 107 -82.000
51 99 -95.000
51 92 -84.875
51 90 1.500
51 75 -58.250
51 62 14.250
51 53 -58.125
52 242 59.625
52 230 21.125
52 202 6.375
52 196 -18.750
52 183 -67.875
52 178 -10.125
52 164 22.625
52 153 11.750
52 148 -0.250
52 147 47.375
52 137 33.000
52 120 -85.500
52 116 14.750
52 113 54.000
52 108 85.375
52 103 -44.000
52 96 -29.625
52 82 -91.625
52 81 -15.875
52 77 55.875
52 64 -63.125
52 63 80.625
52 59 90.000
53 245 80.250
53 232 24.625
53 218 52.750
53 214 32.250
53 208 -85.500
53 190 96.000
53 181 -36.500
53 170 -44.750
53 156 34.375
53 155 -31.625
53 146 13.375
53 142 51.375
53 141 91.000
53 140 -72.125
53 139 -93.750
53 138 -26.500
53 135 -46.250
53 131 95.375
53 129 -2.500
53 125 24.375
53 105 -25.250
53 102 -70.125
53 96 68.500
53 87 -73.000
53 84 -55.375
53 82 -22.125
53 77 76.625
53 76 -43.750
53 72 -43.625
53 66 18.625
53 62 13.750
53 60 66.625
53 57 -91.375
54 248 32.500
54 229 60.125
54 226 74.875
54 220 -25.875
54 212 -24.125
54 210 52.000
54 199 57.500
54 198 59.250
54 190 -89.000
54 176 -40.125
54 169 90.625
54 164 -3.375
54 160 34.625
54 150 56.000
54 138 74.875
54 105 30.500
54 95 3.875
54 79 -20.750
54 75 83.500
54 68 2.000
54 63 -12.000
54 58 -43.875
55 246 40.250
55 234 -54.500
55 229 94.500
55 219 57.250
55 217 81.875
55 213 83.750
55 210 97.375
55 209 -13.000
55 205 7.500
55 194 75.375
55 187 -61.125
55 179 -61.125
55 176 -80.250
55 158 48.250
55 156 72.750
55 150 -99.500
55 145 -87.500
55 144 -44.250
55 131 -85.500
55 130 85.000
55 122 -35.375
55 121 -88.625
55 107 -26.250
55 103 69.875
55 100 -59.625
55 97 20.625
55 92 68.750
55 91 -83.750
55 88 69.000
55 87 91.750
55 71 37.750
56 245 -88.125
56 243 60.500
56 239 91.000
56 238 16.375
56 237 -39.875
56 234 15.625
56 233 11.375
56 225 40.875
56 222 -48.750
56 215 -69.250
56 209 35.875
56 190 -64.875
56 169 -82.000
56 167 -29.625
56 166 19.125
56 150 -77.750
56 149 96.875
56 142 23.875
56 131 -24.250
56 127 -19.125
56 126 -7.625
56 125 61.125
56 114 37.750
56 112 -53.125
56 107 -54.125
56 92 -94.125
56 76 47.000
56 75 -79.125
56 70 -27.250
56 63 -23.625
56 58 -61.250
57 246 -77.750
57 245 -68.375
57 242 62.500
57 235 78.500
57 234 3.250
57 224 -80.875
57 216 -76.750
57 207 -85.250
57 201 94.000
57 195 70.875
57 181 22.250
57 180 82.000
57 179 65.500
57 163 -45.750
57 160 56.250
57 151 55.625
57 148 -72.625
57 144 96.375
57 139 63.750
57 138 22.625
57 137 71.125
57 135 -25.375
57 123 -56.750
57 118 -13.250
57 113 84.750
57 111 -3.375
57 96 11.125
57 71 8.500
57 69 17.500
57 67 57.125
57 64 58.875
58 245 -42.875
58 223 -63.375
58 219 -90.250
58 218 -12.500
58 214 70.375
58 198 29.500
58 193 -26.750
58 188 57.500
58 162 -81.375
58 154 7.375
58 152 -93.750
58 150 -96.250
58 143 -20.375
58 140 85.875
58 135 -22.000
58 120 -86.375
58 117 71.000
58 107 -32.375
58 103 18.000
58 102 -1.375
58 101 89.625
58 99 29.625
58 93 33.875
58 86 -46.125
58 74 -39.875
58 70 32.125
58 69 -75.625
59 237 -73.625
59 227 40.625
59 224 -17.125
59 223 96.500
59 219 22.375
59 216 18.625
59 201 71.875
59 197 83.875
59 193 58.125
59 184 -61.875
59 182 -79.250
59 181 96.500
59 164 -11.500
59 163 -72.625
59 139 76.500
59 137 -91.250
59 123 98.625
59 111 67.750
59 108 54.000
59 106 81.875
59 105 12.375
59 104 3.125
59 100 52.250
59 94 19.000
59 86 -50.750
59 80 -44.375
59 63 -48.875
60 247 26.000
60 246 49.875
60 239 -47.625
60 237 -29.625
60 232 22.875
60 225 46.500
60 219 34.250
60 217 -15.500
60 214 81.875
60 203 -18.375
60 193 22.875
60 183 10.375
60 182 33.875
60 171 -86.375
60 165 12.000
60 157 -54.125
60 150 -22.875
60 138 -98.500
60 135 -72.625
60 127 -96.750
60 101 7.625
60 95 93.750
60 85 -99.375
60 78 0.500
60 70 43.500
60 68 -24.500
61 250 -64.750
61 248 -74.250
61 247 -74.875
61 241 35.125
61 232 -29.500
61 229 -77.875
61 228 73.375
61 226 -90.375
61 219 -82.750
61 217 -94.375
61 213 48.125
61 202 63.875
61 192 -88.375
61 186 47.625
61 179 -16.125
61 171 48.125
61 160 -20.500
61 150 -30.750
61 116 46.375
61 108 -88.500
61 100 68.500
61 98 21.375
61 96 -64.625
61 89 0.375
61 67 -53.125
62 243 58.500
62 229 83.875
62 228 -1.625
62 225 83.625
62 220 58.750
62 214 83.000
62 213 -33.750
62 212 -1.250
62 199 -20.250
62 196 19.750
62 190 -22.250
62 184 48.500
62 183 75.625
62 180 89.500
62 177 42.625
62 176 -66.250
62 173 -24.875
62 170 -95.000
62 169 -20.625
62 165 -61.250
62 159 22.250
62 139 44.125
62 135 -45.500
62 130 21.375
62 127 -75.125
62 126 48.500
62 111 -33.250
62 98 9.500
62 90 2.500
62 74 -39.125
63 248 -77.125
63 247 23.625
63 239 -85.375
63 227 12.375
63 223 25.125
63 213 -51.625
63 193 -32.375
63 183 47.000
63 179 -81.750
63 169 -16.875
63 165 -7.625
63 164 69.875
63 158 9.375
63 157 -52.000
63 150 53.375
63 148 52.250
63 139 -82.625
63 131 -28.750
63 107 90.500
63 105 -27.250
63 96 -69.875
63 79 17.875
63 73 29.750
63 68 -11.500
63 66 90.000
64 249 25.750
64 241 -35.125
64 239 85.000
64 235 76.625
64 232 33.125
64 226 -92.000
64 213 -81.625
64 209 -25.000
64 208 2.000
64 201 69.750
64 197 62.500
64 190 5.625
64 184 -39.625
64 178 94.625
64 174 -35.000
64 162 -33.000
64 160 64.875
64 157 -91.000
64 155 31.375
64 154 -8.000
64 152 47.125
64 143 97.250
64 134 82.875
64 132 -22.375
64 123 -57.500
64 115 29.500
64 112 -25.625
64 108 5.250
64 103 75.250
64 101 -85.500
64 97 23.750
64 96 7.375
64 95 55.750
64 92 -61.250
64 91 -91.750
64 90 -63.750
64 86 -13.125
64 81 60.875
64 78 98.125
65 243 -40.500
65 225 86.125
65 224 -50.750
65 220 8.000
65 219 -69.250
65 218 94.125
65 216 65.375
65 211 -62.125
65 210 99.250
65 205 -88.500
65 193 -51.625
65 183 -84.750
65 174 -9.375
65 154 88.375
65 138 1.875
65 132 35.625
65 123 -11.125
65 115 17.000
65 96 12.000
65 94 51.375
65 93 -84.125
65 67 -36.500
65 66 33.625
66 249 20.750
66 246 12.125
66 236 88.125
66 228 -71.250
66 223 -67.125
66 220 7.625
66 207 -9.125
66 197 3.750
66 169 59.375
66 166 64.375
66 165 94.875
66 164 -22.875
66 162 45.500
66 154 -11.875
66 153 88.625
66 151 40.125
66 147 97.875
66 146 53.125
66 143 -22.000
66 130 -88.875
66 129 -92.000
66 119 53.125
66 116 46.250
66 115 44.000
66 114 -32.875
66 110 63.625
66 104 -10.750
66 103 90.875
66 100 -47.375
66 88 -15.875
66 71 -70.625
66 68 91.000
67 244 -1.375
67 239 68.125
67 236 -26.625
67 222 4.375
67 221 -83.250
67 216 -77.000
67 184 1.000
67 175 65.125
67 168 -57.000
67 165 34.250
67 154 -55.625
67 137 -7.500
67 130 13.750
67 129 59.250
67 117 -42.250
67 103 80.625
67 93 67.500
67 84 -89.500
67 80 35.625
67 78 48.500
67 74 -40.250
67 73 -1.125
68 236 -19.875
68 234 -60.625
68 226 -70.000
68 219 5.750
68 209 -59.250
68 194 39.750
68 191 -85.125
68 169 -22.250
68 167 24.375
68 156 -95.875
68 127 -68.250
68 115 30.125
68 112 -31.250
68 106 -90.250
68 105 -30.250
68 103 -76.125
68 101 38.375
68 98 -61.375
68 93 49.250
68 86 -30.875
68 83 -85.875
68 81 -54.125
68 75 98.875
68 73 -65.250
69 246 -60.875
69 242 42.750
69 240 -97.250
69 226 -46.750
69 218 89.500
69 216 -20.375
69 210 68.750
69 201 68.500
69 196 -1.375
69 193 79.000
69 189 10.000
69 165 -54.375
69 161 -66.375
69 152 94.125
69 142 -28.125
69 139 -72.000
69 138 -44.625
69 133 -44.000
69 131 -95.500
69 126 -76.750
69 121 50.500
69 119 19.750
69 116 -43.750
69 114 -17.375
69 109 -48.500
69 89 24.750
69 88 34.375
69 79 82.000
69 77 -14.125
69 76 77.625
69 73 -39.250
69 72 -36.125
70 249 -79.000
70 242 -25.000
70 239 83.125
70 233 32.750
70 213 85.875
70 198 -26.250
70 193 81.875
70 186 67.125
70 175 37.125
70 171 -68.875
70 158 -29.000
70 152 25.375
70 141 68.750
70 128 81.125
70 118 -58.875
70 113 -29.375
70 112 -8.500
70 95 -31.250
70 89 29.000
70 87 76.125
70 83 -23.500
70 77 -49.500
70 76 -24.500
71 250 80.000
71 225 -52.000
71 222 57.250
71 209 -22.750
71 204 -40.250
71 193 -28.500
71 187 25.500
71 183 -89.250
71 173 -13.875
71 166 -77.000
71 162 -64.500
71 142 -57.500
71 137 15.125
71 129 13.750
71 125 -15.375
71 123 35.875
71 118 -66.250
71 116 35.750
71 100 -68.875
71 98 -44.875
71 97 36.125
71 89 -16.250
71 77 50.375
71 75 -73.250
71 74 -79.625
71 73 63.875
72 250 81.625
72 249 -64.000
72 241 59.375
72 227 13.875
72 215 -23.875
72 208 10.500
72 205 -92.125
72 203 -95.000
72 199 25.750
72 187 26.750
72 151 73.500
72 149 76.500
72 146 -59.125
72 143 8.375
72 141 -96.125
72 139 25.500
72 131 4.625
72 121 -51.375
72 116 -70.750
72 87 -73.625
72 81 77.125
73 240 95.375
73 233 -61.000
73 228 75.000
73 227 79.000
73 225 30.750
73 221 -60.875
73 219 0.250
73 209 -93.250
73 205 -18.500
73 196 -54.000
73 190 42.750
73 186 68.250
73 185 88.000
73 181 -98.875
73 179 -95.000
73 154 43.625
73 149 11.750
73 142 -4.125
73 133 88.000
73 125 10.750
73 119 -84.000
73 113 96.500
73 108 61.000
73 106 43.250
73 87 46.750
73 79 -94.000
74 250 -85.250
74 240 28.000
74 235 10.625
74 231 -12.625
74 229 -15.625
74 210 53.000
74 207 84.750
74 206 -96.250
74 199 37.500
74 197 7.000
74 195 61.750
74 194 78.125
74 184 79.625
74 180 12.500
74 178 68.125
74 171 86.500
74 169 -26.625
74 160 20.750
74 154 44.250
74 150 -40.625
74 136 -26.500
74 124 -9.125
74 123 65.750
74 112 58.625
74 105 57.875
74 103 46.500
74 102 -61.750
74 82 -78.125
75 249 -42.625
75 239 -95.000
75 237 14.375
75 235 17.125
75 223 -38.375
75 221 -1.500
75 218 -34.125
75 211 97.250
75 207 6.125
75 205 38.625
75 204 -72.750
75 199 63.125
75 196 82.375
75 180 -27.375
75 168 60.375
75 167 -14.125
75 141 92.500
75 136 35.875
75 126 80.500
75 123 48.125
75 121 0.500
75 119 95.000
75 114 -95.750
75 109 79.375
75 106 -17.750
75 105 -59.875
75 104 52.875
75 84 94.000
76 224 -41.375
76 207 17.875
76 205 -36.500
76 203 -31.375
76 182 43.750
76 177 94.875
76 168 20.875
76 167 50.375
76 163 -50.500
76 158 42.125
76 136 -69.375
76 116 -54.625
76 113 -63.000
76 100 33.000
76 97 -40.875
76 90 31.125
76 81 42.000
77 246 -21.250
77 242 -47.750
77 239 86.250
77 238 -53.875
77 228 -65.000
77 215 84.000
77 210 68.750
77 203 69.250
77 196 13.125
77 186 64.125
77 171 -25.625
77 162 -78.500
77 139 60.750
77 138 -53.875
77 132 -75.375
77 129 22.125
77 128 -63.875
77 112 -62.125
77 104 -59.750
77 102 43.000
77 100 4.375
77 94 22.375
77 93 -14.750
77 87 33.875
77 86 -90.875
77 85 -0.125
77 81 -2.750
78 250 77.375
78 246 -35.500
78 241 -31.750
78 228 -90.875
78 225 24.500
78 221 -4.375
78 217 -69.125
78 213 3.375
78 211 -44.625
78 204 82.000
78 198 10.625
78 186 -51.750
78 181 -63.625
78 180 -23.750
78 170 44.875
78 163 92.125
78 149 74.125
78 139 -31.000
78 135 43.125
78 126 46.000
78 115 77.500
78 113 40.000
78 103 32.375
78 98 95.750
78 97 76.250
78 89 -62.500
78 85 23.625
78 82 73.625
78 80 50.125
79 226 -24.250
79 210 -88.000
79 203 60.875
79 192 39.500
79 181 -52.875
79 180 46.500
79 172 -49.000
79 171 -2.750
79 168 39.000
79 165 -49.875
79 163 -78.250
79 162 69.500
79 161 83.250
79 153 89.375
79 151 -65.750
79 149 -85.125
79 147 -36.750
79 145 -53.375
79 142 -38.750
79 121 9.875
79 106 -85.625
80 250 -23.375
80 238 -30.500
80 237 61.500
80 235 17.875
80 222 -8.625
80 217 -31.625
80 205 -11.875
80 185 7.000
80 183 -81.375
80 179 31.750
80 171 -19.125
80 151 -83.500
80 141 24.375
80 139 62.000
80 135 40.125
80 129 87.250
80 118 -32.750
80 117 10.250
80 116 62.375
80 108 -92.250
80 103 74.250
80 93 26.625
80 90 -92.875
80 81 91.625
81 249 92.250
81 248 99.875
81 226 24.875
81 214 -92.750
81 205 -55.500
81 196 -79.250
81 188 67.125
81 166 49.125
81 165 43.125
81 162 -40.500
81 159 44.250
81 154 -98.250
81 133 45.375
81 132 -67.750
81 122 51.375
81 120 27.375
81 107 -41.000
81 101 -41.250
81 95 -75.875
81 94 57.750
81 91 18.625
81 86 -43.875
82 248 53.000
82 236 30.750
82 232 40.625
82 230 7.375
82 218 89.000
82 213 58.250
82 208 -43.875
82 194 23.750
82 179 -77.125
82 173 59.500
82 167 -68.000
82 162 88.750
82 146 14.250
82 140 30.625
82 134 -11.625
82 119 31.875
82 112 27.375
82 108 81.375
82 104 -11.875
82 88 70.500
82 86 -97.750
82 85 -34.000
83 243 23.500
83 238 -3.500
83 230 -50.625
83 225 51.750
83 224 22.625
83 222 26.875
83 221 97.500
83 217 38.875
83 200 -41.500
83 199 60.375
83 198 67.875
83 196 50.000
83 185 -21.250
83 184 -71.375
83 175 -37.125
83 172 -82.000
83 171 -56.875
83 168 67.625
83 167 38.125
83 166 84.250
83 158 74.500
83 133 38.500
83 131 0.250
83 104 -61.750
83 87 42.625
84 250 8.500
84 248 -46.000
84 246 -76.875
84 235 -37.000
84 231 60.750
84 221 -69.125
84 218 -21.000
84 212 -96.500
84 210 17.000
84 205 91.000
84 188 28.375
84 172 85.125
84 169 55.375
84 151 -41.250
84 149 69.375
84 147 99.000
84 145 -83.250
84 128 11.750
84 122 70.250
84 110 98.500
84 108 -4.750
84 92 -99.375
84 90 62.625
85 224 -42.625
85 223 -58.875
85 221 21.875
85 218 -66.000
85 206 -98.625
85 199 0.750
85 197 19.125
85 189 -72.750
85 188 56.375
85 179 8.750
85 164 -74.000
85 148 73.875
85 147 42.875
85 142 -34.375
85 128 -87.125
85 123 71.750
85 109 11.625
85 105 -80.250
86 249 -43.375
86 241 -46.625
86 226 -54.000
86 219 51.125
86 217 81.875
86 214 -44.375
86 207 -43.250
86 200 23.125
86 193 69.125
86 192 -99.375
86 187 96.000
86 182 -5.375
86 171 48.125
86 170 30.000
86 164 -6.375
86 163 -57.875
86 157 86.500
86 151 71.000
86 145 -59.375
86 135 -42.625
86 132 -97.500
86 127 7.250
86 122 -29.875
86 115 73.500
86 113 62.750
86 112 -36.500
87 250 92.625
87 246 -57.500
87 245 -78.750
87 238 59.375
87 232 -89.000
87 230 47.875
87 228 28.625
87 226 -36.250
87 223 -14.875
87 215 93.000
87 214 -72.000
87 198 94.125
87 195 -77.750
87 193 -52.750
87 186 73.000
87 169 -12.875
87 167 -68.000
87 155 2.375
87 149 26.750
87 146 -22.375
87 145 27.500
87 144 -44.875
87 123 -5.750
87 120 70.000
87 105 57.625
87 99 -39.250
87 96 45.875
87 91 -35.375
87 90 -55.875
88 247 -31.875
88 245 80.250
88 227 50.500
88 223 83.750
88 219 41.375
88 213 -26.625
88 209 -19.000
88 199 -13.250
88 185 -47.250
88 184 -13.500
88 159 -29.500
88 108 -44.000
88 107 57.875
88 106 25.125
88 103 -2.125
88 99 -78.000
88 92 -90.000
89 245 93.875
89 244 89.625
89 237 95.750
89 232 94.000
89 230 -49.250
89 223 55.625
89 209 17.500
89 192 66.875
89 186 -73.125
89 185 -60.875
89 171 43.500
89 169 -82.000
89 167 69.750
89 135 80.125
89 134 -98.125
89 131 77.000
89 129 -29.875
89 128 4.625
89 127 -95.125
89 122 68.375
89 112 -62.000
89 108 11.625
89 103 -38.625
89 96 -16.750
90 217 -75.750
90 207 64.000
90 205 -47.625
90 195 -22.250
90 184 48.250
90 176 -47.500
90 172 -70.750
90 167 80.375
90 161 71.500
90 154 95.375
90 146 18.000
90 144 67.375
90 134 -44.250
90 128 77.375
90 116 4.625
90 115 66.125
90 112 34.625
90 111 -80.625
90 110 30.375
90 96 9.750
90 95 79.875
91 248 -71.625
91 247 -90.375
91 245 56.875
91 238 45.375
91 233 22.875
91 226 -67.000
91 221 -47.250
91 205 14.250
91 201 -40.500
91 192 -58.375
91 182 62.500
91 165 -0.000
91 154 38.000
91 151 68.250
91 149 58.375
91 142 31.500
91 140 1.750
91 139 49.500
91 132 -23.375
91 121 -34.125
91 120 20.375
91 117 -70.250
91 111 -68.125
91 110 -38.625
91 103 -31.500
91 102 48.000
92 246 -46.500
92 241 12.125
92 234 -44.375
92 220 -16.375
92 218 65.000
92 216 -11.000
92 211 -61.875
92 205 -98.125
92 203 -30.250
92 201 54.125
92 199 -87.250
92 197 18.500
92 186 18.000
92 173 55.125
92 172 -5.750
92 170 -57.500
92 168 47.875
92 162 -47.000
92 147 -83.750
92 145 76.250
92 134 99.125
92 125 -29.625
92 124 26.375
92 121 -60.125
92 107 45.000
92 99 16.250
93 249 67.250
93 247 10.750
93 242 66.250
93 241 -24.750
93 222 -43.375
93 218 -47.000
93 212 53.125
93 209 98.000
93 206 58.125
93 204 25.875
93 177 -67.625
93 174 47.125
93 168 8.625
93 166 -41.000
93 155 -95.750
93 141 -5.250
93 140 -73.500
93 135 -8.000
93 128 68.000
93 124 -95.375
93 108 49.750
93 105 -48.000
93 103 3.500
93 94 -94.750
94 249 40.875
94 244 -67.625
94 240 4.875
94 235 -68.250
94 233 11.875
94 227 94.875
94 226 9.375
94 209 34.000
94 206 25.500
94 202 40.750
94 194 -31.875
94 188 99.875
94 180 -68.500
94 155 88.750
94 150 -68.125
94 141 -98.750
94 139 -45.875
94 138 -8.500
94 131 99.625
94 126 79.000
94 119 39.625
94 116 47.000
94 99 -8.250
95 240 -29.500
95 234 -56.250
95 218 -19.000
95 211 76.250
95 208 6.625
95 205 -77.125
95 204 3.875
95 202 16.250
95 200 71.250
95 195 -60.375
95 180 37.000
95 178 87.625
95 176 44.875
95 175 44.750
95 168 93.250
95 160 -15.000
95 156 89.125
95 154 -65.625
95 147 -41.750
95 146 42.500
95 136 -21.625
95 130 54.750
95 127 68.875
95 125 -37.250
95 114 45.750
95 111 -75.375
95 110 5.125
95 107 -27.625
95 105 37.750
95 103 6.125
95 100 -25.250
96 249 71.500
96 244 2.375
96 243 -65.500
96 242 15.000
96 238 7.375
96 233 -14.875
96 232 24.125
96 226 -60.500
96 225 -22.125
96 223 -69.125
96 211 2.250
96 207 39.875
96 206 32.500
96 197 42.500
96 195 54.000
96 193 -49.000
96 183 -32.000
96 171 86.500
96 167 -78.875
96 166 -58.500
96 155 -52.000
96 132 69.875
96 131 -38.875
96 108 76.500
96 102 -86.750
97 250 -99.375
97 238 93.625
97 233 7.625
97 226 55.750
97 222 -63.125
97 218 41.750
97 217 89.000
97 213 -70.625
97 209 -78.625
97 208 -50.000
97 197 -82.750
97 188 -0.500
97 182 67.750
97 178 -28.750
97 172 21.250
97 167 -49.500
97 161 46.500
97 146 -93.500
97 145 18.375
97 144 16.750
97 142 -49.875
97 140 -87.250
97 135 64.375
97 133 57.500
97 132 -31.000
97 120 61.250
97 104 84.250
97 102 -0.625
98 233 -44.875
98 230 -77.875
98 225 -5.000
98 217 -2.875
98 208 19.375
98 201 -51.625
98 199 -58.625
98 197 -91.375
98 175 -51.500
98 169 94.250
98 165 -99.875
98 154 -10.750
98 152 93.125
98 132 -19.625
98 129 -18.000
98 127 -4.000
98 118 72.625
98 110 -37.500
98 102 85.875
99 231 -1.625
99 226 -75.000
99 225 -29.000
99 212 25.000
99 184 68.500
99 181 13.250
99 178 23.875
99 177 -96.875
99 174 7.500
99 172 9.000
99 171 14.500
99 170 3.375
99 169 27.625
99 168 -10.875
99 161 53.250
99 157 72.875
99 156 18.125
99 152 98.375
99 150 40.875
99 142 52.375
99 125 9.250
99 123 -17.125
99 115 -88.250
99 109 -95.125
99 106 -30.875
99 105 -44.250
100 246 30.875
100 244 65.875
100 216 49.750
100 214 -76.500
100 212 -90.875
100 191 -63.875
100 189 26.250
100 185 -17.875
100 179 72.750
100 173 24.000
100 170 -14.500
100 166 9.750
100 164 11.875
100 162 68.375
100 146 -2.875
100 139 97.750
100 131 38.750
100 128 2.750
100 126 9.875
100 122 71.125
100 118 -5.500
100 111 -18.750
100 110 9.625
100 109 -52.000
100 103 -70.750
101 250 -46.250
101 202 90.375
101 199 31.625
101 197 -86.750
101 196 33.750
101 190 -74.250
101 188 86.000
101 179 -46.500
101 166 -41.000
101 141 -40.000
101 130 -89.625
101 126 -79.500
102 249 34.750
102 241 -42.250
102 239 -55.875
102 238 72.750
102 235 60.750
102 231 -18.500
102 226 14.875
102 216 -86.250
102 215 17.875
102 195 -87.250
102 189 -55.125
102 182 21.500
102 172 89.750
102 166 -97.250
102 158 -16.875
102 157 -66.500
102 153 -31.625
102 120 -23.250
102 116 32.250
102 108 31.125
102 105 -9.875
103 250 88.625
103 248 37.875
103 245 36.375
103 242 -45.625
103 232 32.625
103 227 -29.875
103 225 -49.125
103 223 -43.250
103 220 -56.000
103 215 -37.375
103 201 -80.625
103 194 -42.750
103 175 -91.125
103 169 8.500
103 156 -13.125
103 154 -78.250
103 142 -91.875
103 140 -28.750
103 130 32.000
103 127 75.375
103 125 -44.250
103 119 94.500
103 116 83.125
103 114 73.375
103 109 80.875
103 107 -11.250
104 250 54.125
104 244 7.875
104 240 95.000
104 233 -45.000
104 221 81.875
104 217 -51.750
104 205 -26.375
104 200 -10.875
104 185 21.625
104 182 14.500
104 175 84.500
104 173 56.250
104 172 -6.625
104 158 55.250
104 154 29.875
104 144 22.875
104 129 -5.625
104 126 14.375
104 124 87.250
104 121 -73.500
104 119 58.875
105 248 62.000
105 244 82.500
105 242 -56.125
105 238 -61.500
105 234 -82.125
105 233 11.125
105 226 -77.750
105 223 76.375
105 220 38.625
105 215 -78.250
105 209 99.125
105 208 -39.250
105 200 -76.875
105 195 42.750
105 188 24.250
105 187 84.625
105 177 61.375
105 173 75.125
105 169 -59.500
105 160 -62.125
105 149 -9.875
105 148 -11.500
105 143 -27.625
105 139 -84.750
105 137 -93.000
105 132 -38.875
105 113 22.625
105 108 51.625
106 249 45.250
106 247 1.250
106 237 -31.500
106 234 -39.500
106 231 -38.875
106 212 70.625
106 197 -9.750
106 189 7.625
106 187 5.750
106 185 93.500
106 182 16.875
106 181 -67.375
106 179 35.000
106 173 -10.250
106 163 -82.625
106 161 -41.125
106 153 64.625
106 152 32.500
106 143 -21.500
106 135 -4.000
106 128 41.750
106 127 39.500
106 107 -37.000
107 250 77.125
107 247 90.500
107 246 -78.125
107 244 -83.125
107 243 98.250
107 241 62.125
107 238 14.250
107 229 -11.875
107 216 -63.875
107 211 72.875
107 178 -95.250
107 177 -28.625
107 171 -74.875
107 168 89.750
107 150 -93.000
107 147 65.250
107 139 -60.375
107 136 -69.250
107 128 24.250
107 115 82.875
107 111 -61.875
108 245 -85.375
108 229 32.375
108 227 -60.375
108 223 -75.375
108 216 29.500
108 206 70.250
108 203 -7.000
108 199 -25.500
108 188 18.000
108 187 99.750
108 173 -93.875
108 167 46.375
108 159 -3.375
108 158 7.375
108 154 42.875
108 153 95.000
108 151 51.250
108 147 -53.375
108 126 3.750
108 120 89.000
108 119 93.875
108 112 96.250
108 110 -34.625
109 240 -45.500
109 233 81.250
109 231 -89.875
109 214 -26.875
109 211 51.750
109 209 -27.375
109 207 71.125
109 199 59.000
109 195 49.500
109 188 78.000
109 182 23.500
109 180 8.500
109 178 0.000
109 176 -4.125
109 174 -18.625
109 171 93.750
109 170 64.625
109 169 -70.500
109 156 -91.500
109 149 -68.000
109 148 53.875
109 146 24.125
109 142 -97.000
109 138 -68.125
109 131 -95.625
109 128 -54.750
109 126 82.125
109 124 -70.125
110 247 -29.625
110 244 76.500
110 233 88.000
110 227 57.500
110 226 81.500
110 203 78.125
110 194 -37.500
110 193 -84.250
110 189 -5.125
110 183 -76.625
110 170 21.750
110 163 91.750
110 157 94.125
110 147 -84.625
110 144 17.750
110 142 -60.500
110 128 60.750
110 115 -26.500
111 249 -31.375
111 231 4.625
111 228 99.375
111 221 27.625
111 217 30.750
111 216 38.250
111 215 -56.250
111 201 -26.250
111 200 -36.750
111 184 43.125
111 183 -37.250
111 177 -11.500
111 171 -81.750
111 168 -30.500
111 166 44.500
111 159 -71.250
111 129 -5.125
111 126 -82.250
111 116 56.375
112 236 70.000
112 226 87.000
112 222 -19.875
112 220 8.000
112 218 4.750
112 215 -95.875
112 211 95.125
112 188 56.375
112 177 -6.625
112 174 30.625
112 161 88.125
112 160 77.625
112 156 53.125
112 153 -1.750
112 143 75.750
112 134 6.500
112 128 -44.750
113 250 -36.125
113 244 -87.375
113 241 -58.500
113 237 -19.250
113 234 86.500
113 233 -52.625
113 230 -65.000
113 215 74.750
113 210 -47.250
113 205 -22.250
113 203 32.500
113 195 -26.375
113 192 -83.250
113 188 1.375
113 185 78.750
113 177 -99.250
113 172 96.000
113 165 86.875
113 162 -45.125
113 157 70.125
113 143 -14.875
113 135 26.000
113 134 -86.750
113 126 -94.125
113 125 -74.625
113 122 -20.750
113 120 -79.500
113 116 -59.125
114 250 -76.250
114 237 21.000
114 236 38.000
114 227 -67.625
114 215 -10.625
114 209 23.750
114 203 -2.750
114 196 99.250
114 192 24.000
114 188 -82.875
114 182 -32.875
114 167 -50.125
114 142 82.125
115 244 56.250
115 243 -84.875
115 242 27.125
115 238 -34.875
115 236 65.375
115 233 -24.125
115 230 64.625
115 227 80.000
115 226 -64.125
115 218 49.750
115 214 -0.250
115 208 -86.750
115 201 67.375
115 196 14.625
115 195 -24.125
115 194 -55.000
115 191 2.000
115 180 -17.750
115 178 71.125
115 171 -59.375
115 168 -78.000
115 164 -8.125
115 161 65.375
115 156 41.250
115 150 48.125
115 149 93.500
115 144 -26.375
115 137 -62.000
115 136 37.375
115 130 -60.750
115 129 98.500
115 127 91.000
116 238 90.625
116 234 -60.125
116 225 -72.125
116 210 50.250
116 191 3.500
116 188 43.000
116 186 -39.125
116 184 94.750
116 177 -83.125
116 169 -11.000
116 164 -45.000
116 162 62.625
116 154 -46.375
116 135 -99.000
116 120 99.875
116 118 37.125
117 237 -37.500
117 236 78.250
117 231 -27.750
117 222 -62.625
117 208 99.375
117 203 52.875
117 200 -54.000
117 198 -99.250
117 195 61.875
117 185 29.875
117 176 20.125
117 170 -37.375
117 160 -76.000
117 155 39.000
117 151 43.625
117 148 24.125
117 147 59.875
117 143 55.625
117 142 89.875
117 137 90.625
117 133 77.625
117 132 45.500
117 121 -46.250
117 119 82.375
117 118 -44.375
118 250 17.000
118 248 63.875
118 247 -85.125
118 245 34.375
118 228 -76.250
118 224 53.000
118 206 45.875
118 203 -7.500
118 200 -86.125
118 176 72.125
118 164 76.875
118 161 52.500
118 160 -82.375
118 149 -8.500
118 139 -66.500
118 135 -70.375
118 133 -6.000
118 132 -47.500
118 126 -96.875
119 248 13.000
119 243 -70.875
119 238 81.125
119 211 95.500
119 207 -34.750
119 200 -10.000
119 191 67.625
119 184 -21.500
119 174 81.125
119 173 -52.625
119 151 89.250
119 150 -97.875
119 135 18.750
119 127 87.625
119 126 11.125
120 250 -84.125
120 240 1.500
120 239 98.875
120 234 -9.375
120 231 61.250
120 220 -82.875
120 195 -86.125
120 185 -37.625
120 183 -59.625
120 171 80.000
120 169 -58.375
120 157 -79.375
120 151 46.125
120 137 -0.750
120 134 -72.125
120 124 29.000
120 122 5.625
121 232 -81.875
121 229 88.000
121 225 -42.000
121 224 -12.750
121 223 -6.250
121 216 -74.375
121 214 -67.250
121 205 78.875
121 204 -23.750
121 202 -81.125
121 201 82.375
121 200 -29.250
121 194 -56.750
121 178 -42.500
121 151 64.125
121 144 -60.875
121 139 -97.750
121 135 -56.000
121 134 54.125
121 127 27.125
121 124 -95.625
122 238 -5.875
122 221 48.875
122 217 -26.875
122 216 -28.250
122 212 -49.000
122 205 93.250
122 201 -12.250
122 200 -26.875
122 178 97.250
122 170 36.875
122 163 -44.375
122 159 -35.750
122 156 92.875
122 143 -21.250
122 135 -23.375
122 129 64.875
122 128 16.500
123 244 5.625
123 243 60.500
123 239 -43.500
123 226 87.250
123 223 95.250
123 222 34.375
123 220 -7.000
123 219 79.500
123 218 49.500
123 216 73.750
123 213 -99.000
123 212 89.125
123 211 -6.625
123 199 -58.500
123 191 6.375
123 184 -37.875
123 177 -69.500
123 176 -61.375
123 174 38.125
123 161 -42.625
123 156 -42.125
123 153 18.375
123 152 -39.250
123 151 0.375
123 149 -97.625
123 145 51.375
123 142 -12.250
123 127 -68.750
124 223 -87.000
124 222 5.000
124 218 -83.750
124 217 -60.000
124 216 18.875
124 213 -72.625
124 208 60.000
124 204 65.375
124 198 -27.250
124 182 58.250
124 181 82.250
124 167 48.250
124 155 -73.750
124 151 90.000
124 149 -38.875
124 148 -11.375
124 138 -69.375
124 135 -99.000
124 127 21.000
125 250 -70.625
125 247 -81.875
125 241 0.250
125 236 37.250
125 232 67.750
125 222 61.875
125 216 20.750
125 198 -85.500
125 196 62.875
125 174 97.875
125 160 32.625
125 159 -10.000
125 157 7.000
125 149 -94.250
125 138 82.250
125 132 82.875
125 128 53.750
125 127 -69.500
126 248 73.750
126 246 3.000
126 241 89.250
126 228 73.750
126 222 -99.625
126 220 -64.375
126 216 84.750
126 211 -26.000
126 207 98.875
126 203 55.125
126 202 -24.500
126 198 64.750
126 183 43.125
126 178 -90.000
126 163 -53.375
126 162 46.250
126 146 85.500
126 145 5.875
126 132 70.500
127 236 77.000
127 233 -53.375
127 232 84.500
127 225 86.250
127 218 -87.750
127 209 -0.750
127 207 68.625
127 206 -92.750
127 194 -59.000
127 188 16.375
127 178 -93.375
127 174 27.125
127 155 51.375
127 153 -97.625
127 149 26.250
127 137 -7.375
127 130 -16.250
128 245 49.250
128 236 28.625
128 233 -97.250
128 227 -66.000
128 218 58.750
128 210 48.000
128 205 42.500
128 196 31.000
128 194 -31.375
128 189 -59.250
128 186 63.000
128 147 -76.125
128 146 73.875
128 140 -18.875
128 135 -11.250
128 133 -89.000
128 132 -20.000
129 241 -75.250
129 219 -33.500
129 218 91.500
129 204 5.625
129 201 55.000
129 196 -66.625
129 195 -5.500
129 192 -73.875
129 190 73.000
129 188 -83.875
129 187 70.875
129 185 -33.250
129 183 6.250
129 182 -76.000
129 180 -4.875
129 177 31.125
129 170 -47.000
129 166 87.500
129 164 4.125
129 161 19.625
129 158 28.875
129 151 -70.250
129 149 -19.625
129 138 43.750
129 130 96.625
130 250 6.500
130 237 -94.500
130 229 90.125
130 225 -78.000
130 224 -93.625
130 216 22.875
130 214 -88.000
130 203 -33.625
130 202 -47.375
130 197 11.250
130 190 10.875
130 187 40.375
130 185 -39.250
130 175 -55.625
130 174 -65.625
130 173 -2.250
130 171 -41.000
130 162 -20.250
130 159 -61.500
130 147 -98.500
130 143 14.250
130 139 26.375
130 138 -26.625
130 134 50.375
130 133 18.250
131 244 -71.875
131 237 44.250
131 230 -51.625
131 224 -9.000
131 216 37.375
131 210 59.625
131 206 66.250
131 172 41.750
131 166 45.875
131 164 99.125
131 163 -73.375
131 155 56.375
131 147 -15.250
131 141 -44.500
131 137 -68.500
131 135 -58.625
132 236 -80.875
132 232 -9.625
132 224 -97.875
132 214 9.000
132 197 -86.375
132 189 70.000
132 187 85.500
132 184 -6.125
132 181 47.875
132 174 39.625
132 171 48.125
132 169 49.250
132 164 86.000
132 158 76.125
132 155 -2.250
132 152 -15.000
132 151 -66.875
132 146 -54.750
132 142 46.000
132 138 -56.875
132 135 -57.750
133 244 77.375
133 239 59.250
133 230 7.625
133 227 -59.500
133 203 -95.000
133 178 43.500
133 171 -71.375
133 162 -89.875
133 158 -21.750
133 154 45.625
133 151 21.375
133 150 95.125
133 146 81.250
133 137 88.750
134 249 -79.000
134 231 2.125
134 227 43.125
134 222 82.000
134 221 21.500
134 219 5.750
134 218 -17.250
134 206 -96.375
134 205 27.750
134 204 23.500
134 202 -7.875
134 191 -44.875
134 188 24.000
134 183 43.375
134 169 -55.375
134 168 69.250
134 167 -91.875
134 162 39.125
134 135 14.125
135 250 59.125
135 233 99.250
135 232 -88.500
135 230 -40.000
135 225 -78.250
135 218 52.500
135 215 -38.875
135 212 -78.375
135 210 -9.875
135 201 -22.125
135 195 54.000
135 187 91.875
135 182 -25.125
135 166 90.625
135 165 -79.750
135 160 45.875
135 153 -55.875
136 248 99.375
136 245 33.500
136 239 58.875
136 234 9.375
136 232 52.500
136 224 -66.500
136 222 -8.375
136 205 -27.000
136 200 95.875
136 197 41.750
136 196 34.375
136 179 -78.375
136 172 -0.625
136 168 71.500
136 150 -28.375
136 146 2.125
136 144 -24.750
137 248 80.125
137 245 -92.250
137 232 -37.125
137 228 -30.375
137 224 -65.000
137 217 98.375
137 216 11.625
137 212 -6.625
137 200 -74.750
137 194 30.500
137 188 -37.125
137 184 -17.000
137 180 -70.750
137 173 -89.250
137 170 -23.250
137 154 84.250
137 151 1.750
137 148 28.750
138 246 -82.375
138 245 12.375
138 244 -35.875
138 235 78.250
138 233 90.500
138 228 -38.625
138 224 40.375
138 206 42.750
138 204 99.250
138 193 -91.125
138 188 51.125
138 185 88.750
138 180 43.500
138 175 -40.625
138 156 46.125
138 144 -59.750
139 250 -61.000
139 235 75.250
139 212 15.375
139 205 -48.500
139 204 -99.250
139 202 43.625
139 196 4.250
139 187 -66.875
139 185 25.875
139 182 -24.000
139 170 -75.875
139 163 24.625
139 162 -90.125
139 160 -2.500
140 244 78.250
140 242 -70.250
140 237 -29.250
140 231 -47.500
140 215 48.000
140 209 -35.875
140 205 -39.875
140 200 48.625
140 199 21.000
140 184 8.000
140 183 4.750
140 180 -78.250
140 178 -36.000
140 151 57.750
140 141 -96.125
141 248 35.125
141 235 70.000
141 219 -1.875
141 211 61.875
141 195 -71.750
141 188 -21.250
141 174 -28.750
141 171 40.375
141 155 -20.375
141 154 -52.625
141 149 70.000
141 143 -97.875
142 248 61.750
142 245 -18.125
142 236 -6.125
142 231 18.000
142 227 -69.375
142 226 57.500
142 209 56.500
142 208 65.625
142 197 -83.125
142 196 31.625
142 194 -21.500
142 192 -8.250
142 169 -17.750
142 168 2.500
142 166 67.375
142 159 23.500
143 245 66.375
143 233 -1.375
143 228 51.250
143 220 54.750
143 212 0.500
143 210 4.000
143 209 45.000
143 199 3.875
143 185 96.500
143 184 54.500
143 180 -44.125
143 171 -35.250
143 158 -29.250
143 148 85.125
143 144 36.250
144 245 -1.000
144 244 42.625
144 240 68.750
144 239 65.500
144 233 93.250
144 230 25.125
144 224 -79.375
144 223 45.875
144 222 23.625
144 212 69.250
144 203 22.000
144 185 9.500
144 178 -57.750
144 177 -28.625
144 172 2.500
144 169 63.000
144 167 -31.250
144 158 -58.750
144 157 -91.000
144 154 67.625
144 153 32.750
145 249 74.250
145 248 79.125
145 216 -72.000
145 213 -3.375
145 208 -61.750
145 195 -42.000
145 193 -52.750
145 192 -3.125
145 184 -73.500
145 183 -60.375
145 178 -4.875
145 171 -7.125
145 170 -58.875
145 157 -29.125
145 150 -6.750
145 149 48.375
146 240 81.750
146 218 42.375
146 206 15.875
146 204 -30.750
146 203 15.875
146 202 3.125
146 184 -67.000
146 172 -52.125
146 160 -63.750
146 154 29.375
147 250 -79.000
147 243 -19.000
147 237 -39.125
147 235 44.625
147 232 11.625
147 228 82.250
147 212 45.500
147 208 66.625
147 205 -53.500
147 201 63.500
147 199 1.250
147 198 -36.625
147 196 -82.000
147 156 -56.375
147 152 -95.250
148 243 -92.000
148 233 -18.125
148 226 8.750
148 212 -42.625
148 199 31.375
148 187 92.750
148 183 41.125
148 182 86.750
148 166 1.250
148 160 40.750
148 152 62.875
149 247 27.000
149 234 -63.250
149 216 49.125
149 201 0.000
149 185 -75.250
149 161 -50.750
149 150 86.625
150 249 84.625
150 223 -14.500
150 216 -22.500
150 207 53.500
150 205 15.500
150 176 39.000
150 167 -33.375
150 163 70.500
151 246 23.125
151 237 47.000
151 227 -64.375
151 223 -10.250
151 217 -86.875
151 212 -26.625
151 206 56.750
151 188 -37.875
151 174 -54.750
151 171 -42.000
151 161 57.000
151 159 37.000
151 157 3.500
151 152 52.375
152 239 -13.875
152 238 92.500
152 235 -39.875
152 225 -69.500
152 214 22.125
152 202 -48.250
152 200 -50.625
152 194 -44.875
152 192 85.375
152 174 9.375
152 163 -56.125
152 156 -50.875
153 245 -71.125
153 238 3.250
153 233 63.125
153 226 23.750
153 225 42.125
153 216 -58.625
153 185 -23.625
153 167 35.000
154 248 94.750
154 247 27.750
154 244 -28.125
154 234 13.000
154 229 -37.875
154 228 64.125
154 221 -17.000
154 219 -93.250
154 213 1.250
154 212 75.000
154 209 -79.375
154 207 -21.375
154 201 67.750
154 195 41.375
154 190 -67.750
154 186 -42.625
154 184 42.000
154 182 73.625
154 163 67.000
155 241 51.000
155 237 -57.000
155 234 -41.375
155 226 55.875
155 225 -26.500
155 221 -87.500
155 203 -52.000
155 200 15.750
155 175 50.500
156 250 -0.125
156 248 10.875
156 232 -97.375
156 222 88.750
156 220 -28.500
156 210 -10.375
156 201 29.000
156 199 -97.125
156 196 17.375
156 193 63.375
156 182 72.500
156 181 78.750
156 177 -37.250
156 176 -39.875
156 170 16.000
156 161 32.750
157 241 -35.250
157 240 -11.750
157 239 -80.375
157 236 37.125
157 220 -82.500
157 215 -54.750
157 206 -1.875
157 202 -93.250
157 184 -97.875
157 179 -22.625
157 177 62.000
157 172 -21.625
157 165 -69.625
158 250 -29.875
158 247 -5.500
158 243 -94.000
158 233 -73.875
158 231 98.375
158 216 -46.500
158 215 1.250
158 208 78.375
158 205 -96.375
158 199 -45.000
158 192 42.625
158 186 -0.750
158 183 80.375
158 180 -71.625
158 176 -3.250
158 170 -11.500
158 161 -99.625
159 249 -52.250
159 246 53.500
159 241 43.375
159 226 62.625
159 224 83.625
159 220 -60.375
159 203 -27.750
159 201 -44.000
159 177 -74.250
159 173 -36.500
159 171 -60.000
159 168 8.625
159 166 -25.250
159 164 -51.375
159 161 -94.375
159 160 45.500
160 243 12.500
160 235 -75.375
160 227 -13.875
160 223 52.625
160 219 -1.625
160 213 51.000
160 205 -97.000
160 187 74.000
160 181 77.625
160 179 -75.875
160 172 -81.125
160 170 -93.750
160 162 -92.750
161 245 94.625
161 230 95.000
161 224 -50.250
161 223 -57.250
161 214 -22.125
161 207 51.500
161 202 -84.250
161 199 92.750
161 192 -31.500
161 186 -39.625
161 183 -45.250
161 180 -48.375
161 170 39.625
162 236 -12.125
162 233 -68.375
162 230 -12.000
162 227 -38.625
162 210 95.250
162 206 -80.125
162 203 21.625
162 199 47.625
162 195 -42.000
162 194 -46.625
163 245 -19.875
163 232 70.125
163 227 -73.500
163 219 33.750
163 214 -10.125
163 207 -90.375
163 204 -79.750
163 202 26.500
163 198 99.125
163 193 51.375
163 187 -76.000
163 183 -63.500
163 179 -6.250
163 173 33.625
163 166 -40.500
163 165 41.875
164 246 12.125
164 235 -72.500
164 234 -79.750
164 228 -73.375
164 223 81.750
164 212 -30.125
164 201 -17.250
164 198 -42.875
164 193 -0.625
164 192 89.875
164 185 -14.750
164 182 -84.000
164 173 98.625
164 170 31.375
164 166 -67.000
165 244 3.375
165 243 2.750
165 239 -11.000
165 238 86.000
165 237 -16.250
165 232 -1.375
165 224 -49.750
165 211 -28.625
165 203 99.500
165 197 -77.000
165 193 72.875
165 192 -38.625
165 188 81.000
165 180 -53.250
165 178 -12.875
165 175 61.750
165 170 -89.875
166 247 -2.750
166 241 24.250
166 240 -28.875
166 237 20.500
166 234 43.000
166 233 38.250
166 223 57.375
166 207 45.750
166 195 -58.125
166 193 -49.625
166 174 38.375
166 167 91.500
167 244 -52.000
167 240 81.500
167 238 92.250
167 230 22.625
167 229 -58.875
167 219 -70.125
167 215 -15.250
167 203 -70.250
167 202 67.625
167 200 -55.750
167 194 40.500
167 190 -5.625
167 175 23.500
167 174 -49.125
167 173 -9.500
168 239 58.625
168 235 66.375
168 225 -28.375
168 219 -47.500
168 214 -76.375
168 208 -82.000
168 173 56.750
169 223 39.125
169 205 -24.625
169 198 -16.625
169 197 89.750
169 196 69.375
169 194 -21.250
169 190 -26.000
169 177 18.500
169 172 62.250
170 248 -46.625
170 247 81.375
170 235 -39.250
170 224 -41.375
170 215 -15.500
170 200 -66.250
170 188 93.250
171 246 -80.125
171 242 -27.500
171 234 -68.375
171 224 -36.000
171 222 36.250
171 214 68.250
171 212 49.375
171 199 -85.250
171 196 70.500
171 193 -56.250
171 191 -98.125
171 189 -81.125
171 187 46.125
171 184 -9.375
171 178 50.750
172 241 48.750
172 237 46.250
172 228 26.125
172 222 -48.250
172 209 -63.750
172 200 -3.125
172 196 -69.375
172 195 58.125
172 191 45.625
172 189 -26.625
172 184 54.125
173 249 79.500
173 248 41.625
173 247 97.625
173 243 81.750
173 226 -73.875
173 218 17.250
173 215 25.500
173 198 -36.375
174 247 -84.250
174 243 36.875
174 242 20.875
174 234 27.500
174 228 -62.000
174 204 -53.750
174 190 -81.625
174 181 -4.875
174 180 -48.625
175 247 31.375
175 224 62.500
175 221 62.750
175 207 -24.625
175 201 44.125
175 195 74.375
176 250 14.500
176 245 67.250
176 243 47.750
176 225 33.750
176 219 43.125
176 215 -43.875
176 205 -76.750
176 201 -26.625
176 198 -9.625
176 194 37.375
176 187 -19.750
176 186 -50.125
176 185 -57.125
176 178 -98.500
177 240 -17.250
177 234 85.250
177 223 -55.500
177 220 -56.375
177 217 -73.375
177 213 -68.500
177 209 95.625
177 207 -28.375
177 194 10.875
177 191 -42.750
178 249 26.250
178 241 -81.125
178 228 48.875
178 226 -53.625
178 208 50.000
178 195 66.750
178 193 -15.750
178 182 -14.125
178 179 -2.625
179 230 21.125
179 227 -70.125
179 216 -69.750
179 213 92.375
179 210 6.875
179 190 -87.750
179 184 43.625
180 243 -96.625
180 234 -95.500
180 229 -5.250
180 228 94.125
180 225 62.500
180 222 -71.125
180 215 -99.500
180 199 11.375
181 241 72.125
181 238 60.125
181 233 -56.875
181 229 42.000
181 223 -2.750
181 210 83.250
181 207 3.875
181 198 38.625
181 193 14.125
181 192 -17.000
181 184 43.125
182 247 -67.125
182 242 -53.625
182 238 64.000
182 236 -90.375
182 235 -67.125
182 234 -24.875
182 231 -23.000
182 228 -69.875
182 225 39.875
182 224 -65.375
182 201 -69.250
182 193 68.500
182 192 -1.750
182 185 99.375
183 243 18.250
183 235 -24.000
183 229 -11.125
183 225 37.125
183 217 15.750
183 215 88.500
183 210 -96.750
183 207 27.125
183 201 97.625
183 196 30.250
183 195 -30.375
184 246 24.875
184 245 -98.625
184 231 98.500
184 220 -56.375
184 215 97.250
184 208 -99.625
184 207 58.500
184 204 -84.000
184 203 -52.625
184 201 28.875
184 194 -69.250
184 193 -27.625
184 188 -43.000
185 244 70.375
185 237 -83.250
185 229 -59.250
185 228 78.875
185 227 43.250
185 222 49.375
185 215 -25.125
185 211 11.375
185 202 -82.375
185 199 -16.750
185 198 81.000
185 191 87.000
185 189 -87.750
185 188 -44.000
186 249 -12.250
186 248 9.000
186 246 9.125
186 242 2.750
186 240 36.625
186 236 54.125
186 227 43.250
186 221 -43.125
186 216 66.125
186 215 -32.000
186 205 -23.875
187 248 -42.125
187 242 12.250
187 241 -84.000
187 235 -39.000
187 229 -45.000
187 210 87.750
187 196 92.375
187 194 69.375
187 193 -92.500
187 189 -63.875
188 250 18.500
188 241 -80.250
188 238 -66.125
188 237 -30.500
188 234 -76.250
188 216 81.500
188 214 59.500
188 202 -3.500
188 199 -14.375
188 194 -68.875
189 250 33.375
189 246 80.500
189 236 -60.125
189 232 -19.875
189 227 -73.875
189 222 78.375
189 212 24.125
189 204 -52.000
189 198 -98.750
189 195 68.250
190 250 54.125
190 249 5.250
190 246 5.375
190 242 60.375
190 241 -16.875
190 238 59.500
190 228 32.750
190 219 46.125
190 217 -70.875
190 197 -81.000
190 191 17.125
191 248 61.875
191 246 -83.125
191 225 85.625
191 223 77.875
191 221 45.125
191 217 75.000
191 211 -74.750
191 209 19.625
191 201 94.000
191 198 -67.125
191 195 -19.500
192 237 3.125
192 236 -89.125
192 225 76.250
192 219 -36.625
192 210 -47.375
192 198 39.375
193 239 10.250
193 231 -36.125
193 223 73.000
193 217 41.750
193 216 10.625
193 209 -82.875
193 202 -84.375
193 201 -89.250
194 250 -27.500
194 246 74.125
194 240 21.875
194 238 48.500
194 234 -49.250
194 229 97.750
194 216 -82.875
194 208 71.625
195 249 62.250
195 247 -0.375
195 244 91.625
195 238 -57.875
195 235 77.125
195 228 -95.625
195 224 -37.250
195 222 52.375
195 220 -33.000
195 218 94.500
195 213 -74.625
195 212 -9.375
195 211 -83.750
195 202 -50.625
196 242 73.875
196 232 59.000
196 227 -36.375
196 203 93.000
196 200 40.500
197 239 54.500
197 233 -75.250
197 232 -9.250
197 231 86.500
197 229 -13.125
197 215 47.000
197 214 -4.375
197 210 -78.500
197 205 -0.125
197 203 49.125
198 243 -72.000
198 232 -64.500
198 231 56.625
198 229 -35.750
198 216 16.375
198 209 60.875
198 201 4.500
199 250 25.750
199 249 16.750
199 239 2.000
199 237 -89.125
199 231 6.125
199 226 -53.000
199 224 -21.375
199 217 -49.875
199 210 63.250
199 208 83.625
199 207 75.875
200 242 63.500
200 241 27.250
200 238 -42.750
200 237 33.250
200 236 -12.375
200 235 -29.250
200 230 29.750
200 214 88.625
200 205 42.125
200 203 -97.875
201 249 99.875
201 246 -16.750
201 230 -53.000
201 228 -88.375
201 226 -93.250
201 225 57.750
201 220 -19.375
201 219 77.250
201 215 -2.500
201 210 -42.375
201 208 69.875
201 207 -32.125
201 206 -95.000
202 232 20.375
202 228 96.500
202 216 72.125
202 214 57.750
202 204 78.250
203 242 48.750
203 222 42.375
203 220 -83.000
203 216 -60.875
203 211 -61.750
203 204 -31.375
204 248 72.750
204 243 -16.250
204 241 -62.875
204 238 11.250
204 231 73.250
204 227 -66.500
204 215 36.875
204 206 93.125
205 249 -94.125
205 244 84.625
205 238 -51.375
205 233 -87.750
205 228 -82.000
205 226 91.875
205 218 -18.000
205 209 31.500
206 250 -9.250
206 248 -97.250
206 246 9.625
206 237 57.125
206 231 3.875
206 225 36.750
206 222 -6.875
206 214 80.750
206 212 68.625
206 207 97.625
207 247 -14.125
207 237 82.125
207 230 -16.875
207 225 -63.125
208 238 46.500
208 235 -24.500
208 234 -21.500
208 231 -1.250
208 226 22.625
208 211 -44.750
208 210 47.250
209 248 -73.375
209 245 -42.250
209 240 -26.375
209 214 68.375
209 212 -13.500
210 249 -50.125
210 245 -25.125
210 240 68.125
210 234 45.000
210 230 -39.500
210 218 80.125
210 217 14.625
210 213 -45.750
211 249 12.250
211 248 -8.000
211 247 -82.375
211 240 -7.625
211 231 -32.125
211 228 -21.625
211 223 86.875
211 220 -30.750
212 248 -8.000
212 242 -92.625
212 223 -26.125
213 245 0.250
213 238 -47.500
213 237 77.500
213 215 -92.500
214 244 17.250
214 240 -54.625
214 226 -52.375
215 241 22.750
215 228 -43.125
215 222 68.750
215 219 87.375
215 218 24.875
216 250 40.250
216 244 -81.375
216 238 65.875
216 234 -15.500
216 221 59.500
216 218 99.625
217 246 82.250
217 244 -2.375
217 243 -60.375
217 224 -80.625
217 221 -11.750
217 218 -33.625
218 247 24.375
218 246 32.125
218 234 44.750
218 232 5.250
218 226 42.875
218 221 -11.625
219 246 -19.750
219 237 -45.375
219 234 26.750
219 228 -65.625
219 227 -41.375
220 243 -48.125
220 239 45.875
220 236 2.875
220 235 -59.875
220 224 -58.625
221 241 -89.625
221 231 -54.125
221 225 36.500
221 222 -7.500
222 246 58.375
222 236 46.625
222 231 76.125
223 245 76.750
223 241 67.375
223 236 36.125
223 231 12.125
224 232 -78.875
224 225 34.750
225 248 -61.125
225 247 -93.375
225 242 -85.000
225 241 -20.000
225 232 -52.125
226 244 -91.500
226 232 -43.000
227 249 29.875
227 241 14.000
227 233 69.625
228 244 80.500
228 230 -62.875
228 229 -75.625
229 234 -88.375
230 240 7.000
231 235 97.250
232 239 46.125
233 249 1.875
233 242 -6.875
233 236 -6.125
234 246 -3.375
234 244 -97.125
234 241 -21.250
235 248 -9.125
235 247 73.500
235 240 49.625
235 236 -51.250
237 240 -32.125
238 247 -86.125
238 246 -29.500
238 243 75.125
238 240 -46.125
239 250 -5.125
239 246 -42.125
239 241 -41.500
240 244 32.625
243 250 -13.625
244 247 94.000
245 250 -6.000
