dl
format=edgelist1
n=250
data:
1 249 -36.375
1 248 5.000
1 244 -23.750
1 242 -16.750
1 241 -14.000
1 232 64.375
1 229 -34.250
1 228 -25.875
1 227 0.625
1 221 -58.750
1 220 48.375
1 202 -33.250
1 192 53.500
1 183 68.875
1 181 42.500
1 177 -52.125
1 169 50.875
1 156 -73.500
1 151 37.750
1 137 93.500
1 134 -96.750
1 132 69.750
1 129 63.625
1 124 -79.750
1 122 -37.750
1 120 12.875
1 118 -64.750
1 112 78.750
1 111 -66.625
1 110 -19.625
1 97 49.125
1 93 -47.125
1 81 -6.875
1 75 42.250
1 72 -87.500
1 70 10.000
1 58 82.375
1 55 96.250
1 54 -5.250
1 42 69.625
1 26 32.125
1 24 -32.750
1 19 63.625
1 17 26.500
1 13 -10.875
1 10 13.500
1 5 -0.125
1 4 -38.500
2 250 87.875
2 249 8.375
2 236 85.125
2 235 -21.125
2 229 -92.000
2 227 -80.125
2 222 9.000
2 206 -4.000
2 205 -3.375
2 203 88.000
2 195 66.000
2 194 64.000
2 192 22.875
2 179 8.375
2 165 -49.000
2 162 -67.625
2 160 -44.500
2 152 35.250
2 142 43.125
2 137 -1.125
2 136 76.750
2 127 -63.000
2 121 89.625
2 117 -10.750
2 104 32.250
2 97 34.125
2 93 -11.875
2 90 -2.750
2 84 -30.375
2 75 -37.125
2 66 -35.750
2 64 82.875
2 50 62.875
2 44 2.750
2 41 17.750
2 33 -3.375
2 28 28.500
2 26 -34.875
2 12 -21.500
2 3 37.625
3 237 -60.875
3 234 -87.500
3 218 -70.000
3 195 43.125
3 193 11.625
3 179 56.375
3 174 8.875
3 160 98.625
3 152 -72.750
3 149 -10.500
3 144 49.375
3 140 20.750
3 126 -5.000
3 113 -26.750
3 112 -14.125
3 110 19.250
3 104 -51.625
3 101 22.625
3 100 -90.500
3 93 54.500
3 66 47.000
3 63 66.875
3 58 27.250
3 54 -59.000
3 33 -94.000
3 32 -27.250
3 28 -63.875
3 26 -51.875
3 17 78.250
3 16 8.125
3 6 33.875
3 4 67.625
4 249 -14.625
4 241 -30.125
4 238 55.875
4 237 -9.875
4 226 63.625
4 218 -63.000
4 208 -66.000
4 206 53.000
4 198 10.250
4 190 -96.375
4 176 36.375
4 174 -52.250
4 161 -14.000
4 159 41.500
4 156 -61.875
4 150 -11.125
4 145 -59.000
4 142 -18.625
4 138 11.000
4 113 25.500
4 112 90.375
4 109 55.375
4 103 -90.500
4 97 -17.750
4 87 90.750
4 74 -71.375
4 71 60.375
4 64 -15.000
4 59 45.625
4 58 19.875
4 26 6.375
4 24 -74.625
4 21 76.500
4 18 75.875
4 17 48.125
4 11 -30.625
4 7 -45.875
5 216 91.875
5 212 87.125
5 204 -27.750
5 203 95.875
5 179 83.000
5 165 37.500
5 163 81.250
5 162 15.750
5 157 -85.375
5 154 93.375
5 147 35.250
5 145 -12.000
5 143 -7.625
5 137 80.750
5 136 -1.375
5 120 -75.125
5 115 -35.625
5 114 23.125
5 107 45.250
5 88 -26.750
5 63 93.500
5 58 -14.750
5 54 67.250
5 44 87.875
5 41 -93.500
5 27 -54.375
5 15 -69.000
5 14 -0.125
5 13 72.125
6 245 42.500
6 240 -86.500
6 235 88.625
6 202 -4.125
6 188 -51.125
6 180 -28.625
6 175 49.000
6 174 86.750
6 169 37.875
6 167 22.500
6 164 0.875
6 161 -65.500
6 154 24.250
6 152 -76.625
6 137 -76.250
6 131 -20.750
6 119 92.750
6 114 -41.500
6 113 87.375
6 101 59.000
6 88 -10.125
6 87 72.750
6 75 -67.375
6 63 -11.375
6 52 -78.125
6 44 17.750
6 43 -17.750
6 39 14.125
6 27 37.625
6 20 -21.125
6 7 -88.000
7 244 24.125
7 235 22.000
7 231 19.125
7 229 56.750
7 216 46.875
7 214 75.875
7 213 53.500
7 199 -93.125
7 174 -65.125
7 172 27.500
7 169 -43.750
7 138 -8.125
7 133 -59.125
7 127 -45.375
7 123 63.125
7 106 -50.625
7 100 -66.375
7 98 54.250
7 95 82.125
7 93 49.250
7 90 -87.125
7 81 -62.000
7 69 13.250
7 68 -61.000
7 56 1.000
7 42 96.625
7 38 15.625
7 22 26.750
7 17 79.125
7 9 -17.000
8 244 -33.875
8 230 99.500
8 229 27.750
8 214 -23.000
8 211 -28.250
8 208 37.875
8 201 -94.875
8 181 50.000
8 172 -47.000
8 168 -1.125
8 159 -77.000
8 140 -76.000
8 138 -78.125
8 136 72.750
8 134 -37.250
8 131 13.625
8 127 -8.375
8 125 -29.375
8 113 -51.000
8 100 9.000
8 91 -8.625
8 85 38.750
8 77 -89.125
8 72 82.000
8 69 -27.250
8 60 -87.500
8 49 -31.875
8 45 -91.875
8 42 30.375
8 38 -16.250
8 22 -18.125
8 11 -26.875
9 242 -92.500
9 241 -55.875
9 238 -43.375
9 235 77.000
9 234 -34.375
9 231 -33.000
9 217 -47.250
9 196 -11.000
9 193 -39.375
9 178 0.125
9 174 99.750
9 166 22.500
9 165 60.750
9 148 91.500
9 145 59.250
9 144 28.750
9 142 -44.125
9 130 68.875
9 129 -31.500
9 125 75.625
9 118 -27.000
9 117 66.750
9 110 -60.625
9 89 -19.500
9 82 -45.750
9 76 -59.875
9 70 -1.625
9 69 -35.250
9 48 92.000
9 38 -99.875
9 34 -94.750
9 32 -37.500
9 19 15.375
9 18 -91.250
9 14 -55.750
10 244 63.250
10 231 54.000
10 227 58.750
10 223 -41.125
10 217 14.500
10 213 70.250
10 201 1.000
10 200 -38.500
10 198 -80.625
10 193 -74.750
10 176 -14.500
10 165 -2.000
10 150 -71.000
10 149 -78.500
10 143 -14.000
10 138 64.875
10 134 -84.500
10 129 -41.375
10 127 37.625
10 126 -47.000
10 119 -69.750
10 116 -81.750
10 115 55.125
10 110 -27.375
10 105 20.750
10 104 -81.375
10 89 59.125
10 83 88.125
10 82 39.875
10 74 -57.375
10 60 59.500
10 45 -80.250
10 38 8.125
10 37 -46.625
10 36 80.875
10 35 -48.625
10 27 -88.125
10 25 -95.625
10 24 36.875
10 22 -34.000
10 21 33.125
10 14 -88.500
11 246 -30.375
11 245 78.375
11 236 88.000
11 225 -37.375
11 224 -55.375
11 223 -69.625
11 216 47.125
11 214 -78.750
11 212 -63.125
11 209 -47.875
11 207 4.875
11 203 73.125
11 197 -34.125
11 186 26.375
11 185 -64.875
11 183 -79.500
11 174 79.375
11 166 -71.250
11 141 -80.250
11 134 92.000
11 128 84.500
11 122 42.750
11 113 -71.125
11 102 84.625
11 98 -48.125
11 79 -47.750
11 71 25.000
11 64 71.500
11 54 71.375
11 52 -16.125
11 49 -6.250
11 48 -16.125
11 45 -91.875
11 43 -83.375
11 35 96.750
11 33 -95.000
11 30 9.000
11 26 -24.250
11 20 91.375
11 19 -56.375
11 14 -57.500
12 236 -92.250
12 235 -24.875
12 229 48.375
12 223 0.875
12 220 -84.875
12 208 -12.750
12 206 44.750
12 186 -49.625
12 178 95.375
12 171 -13.875
12 165 24.125
12 163 51.500
12 162 11.500
12 156 -7.250
12 145 51.375
12 138 -7.375
12 136 -57.000
12 131 82.625
12 127 -53.875
12 123 66.875
12 108 -79.625
12 97 19.375
12 88 66.750
12 70 -97.250
12 42 -91.875
12 34 44.250
12 25 72.000
12 20 77.750
13 250 76.250
13 249 38.375
13 239 -7.000
13 232 -54.250
13 224 -55.250
13 203 -56.500
13 199 -18.750
13 194 -34.000
13 187 -29.125
13 186 37.875
13 184 93.250
13 183 73.375
13 165 -81.875
13 159 44.500
13 157 99.750
13 147 -64.625
13 146 77.375
13 145 50.625
13 138 71.250
13 132 -65.625
13 130 91.875
13 115 -58.250
13 114 2.875
13 113 -79.125
13 105 29.625
13 95 -10.250
13 84 29.250
13 80 33.625
13 79 5.875
13 74 -10.250
13 69 -75.125
13 67 -46.000
13 54 88.125
13 40 -98.750
13 38 -34.500
13 37 -52.375
13 33 5.750
13 29 -62.500
13 26 43.625
13 15 35.750
14 244 5.250
14 239 13.375
14 234 -56.125
14 232 33.000
14 223 51.000
14 220 -92.875
14 216 3.500
14 211 94.375
14 208 76.375
14 188 -71.625
14 183 -16.250
14 165 -72.750
14 154 -7.250
14 143 29.750
14 133 46.250
14 128 96.750
14 127 -22.000
14 124 76.250
14 123 -42.875
14 120 -60.750
14 110 31.875
14 92 -20.500
14 89 -29.500
14 86 -55.500
14 82 -86.625
14 79 -11.375
14 60 -3.000
14 59 -24.625
14 54 68.625
14 26 -4.250
15 240 18.000
15 237 -22.625
15 235 37.250
15 231 -79.500
15 229 -76.750
15 226 -60.875
15 215 -68.375
15 211 -14.250
15 187 -74.875
15 186 17.000
15 179 -23.750
15 174 92.875
15 173 73.750
15 169 -69.750
15 168 -8.250
15 164 -54.875
15 153 -30.625
15 147 1.375
15 142 -89.000
15 133 -77.625
15 127 -4.125
15 118 68.625
15 97 18.000
15 94 -79.500
15 83 3.250
15 65 45.125
15 59 42.375
15 56 -65.875
15 54 -40.625
15 45 76.000
15 39 -35.500
15 38 61.375
15 30 74.625
15 29 -44.375
16 248 70.375
16 244 37.750
16 236 -97.250
16 230 55.750
16 219 -68.750
16 218 25.250
16 212 -28.250
16 189 24.875
16 188 5.500
16 186 35.125
16 182 97.875
16 179 -63.875
16 172 -72.625
16 169 45.625
16 166 9.375
16 164 70.375
16 158 -70.375
16 154 -55.875
16 149 -50.875
16 147 -89.125
16 141 39.000
16 134 12.750
16 129 -53.500
16 122 3.125
16 116 66.625
16 98 -12.000
16 93 22.625
16 90 31.125
16 88 -16.375
16 75 45.750
16 62 -52.375
16 59 -19.125
16 44 63.125
16 42 52.875
16 41 72.000
16 35 44.625
16 19 29.000
16 18 -89.750
17 242 -54.250
17 240 58.125
17 237 -3.125
17 236 89.625
17 227 9.000
17 221 -60.500
17 218 -21.500
17 216 -49.500
17 211 94.625
17 207 -91.125
17 196 -82.500
17 192 -71.875
17 173 -21.375
17 169 80.375
17 159 -95.375
17 152 -76.375
17 142 59.750
17 132 4.625
17 118 -45.125
17 109 -64.500
17 88 -63.125
17 86 -71.875
17 75 99.875
17 45 -4.375
17 36 41.125
17 35 -93.625
17 32 -14.250
17 31 -70.875
17 28 81.875
17 20 57.625
18 245 69.500
18 242 -11.875
18 236 -93.750
18 233 94.875
18 207 19.875
18 205 -96.625
18 204 -98.500
18 198 -27.625
18 197 -66.375
18 195 38.750
18 194 22.875
18 190 -62.250
18 184 16.500
18 171 -5.250
18 169 -55.000
18 164 86.500
18 155 54.500
18 153 0.375
18 151 34.250
18 150 32.000
18 147 -50.250
18 144 -46.375
18 138 92.625
18 136 -53.625
18 128 -25.125
18 119 14.125
18 117 61.250
18 112 46.375
18 103 -27.500
18 92 52.875
18 89 -86.500
18 87 -45.125
18 79 -94.750
18 73 -5.750
18 62 58.500
18 60 25.750
18 55 39.500
18 40 54.875
18 25 -33.750
18 24 46.500
19 240 54.250
19 239 9.625
19 233 32.000
19 230 81.750
19 227 -32.250
19 216 77.500
19 207 -12.625
19 195 40.750
19 193 58.750
19 191 -12.000
19 189 38.875
19 178 10.000
19 171 58.750
19 169 -65.875
19 168 -29.125
19 167 16.125
19 153 27.375
19 148 -10.625
19 146 24.625
19 135 0.000
19 129 -12.125
19 121 64.500
19 115 15.500
19 109 -5.250
19 101 -25.125
19 100 -72.750
19 71 65.500
19 68 -15.125
19 65 -53.500
19 64 2.250
19 55 -34.250
19 51 -88.250
19 47 64.000
19 40 51.500
19 37 12.000
19 33 -61.375
20 245 44.250
20 229 -0.375
20 227 -94.625
20 221 -75.250
20 210 -40.875
20 207 65.125
20 203 -5.750
20 197 88.500
20 194 58.375
20 193 -57.750
20 188 -72.750
20 180 68.875
20 179 -41.250
20 168 -89.000
20 167 -58.625
20 149 92.625
20 147 54.750
20 145 -59.750
20 118 14.625
20 112 -14.125
20 89 -13.875
20 77 -11.000
20 76 -31.000
20 73 -73.375
20 67 45.000
20 63 -98.500
20 55 -52.750
20 48 37.250
20 46 -95.125
20 45 -73.250
20 38 34.375
20 37 -27.000
20 22 32.500
20 21 -99.000
21 237 80.250
21 230 51.125
21 223 2.625
21 216 50.750
21 203 -13.000
21 202 -43.125
21 197 -64.500
21 193 -4.000
21 190 -60.000
21 188 -21.750
21 186 81.375
21 185 44.625
21 184 84.375
21 183 37.250
21 182 95.750
21 181 -28.375
21 167 61.625
21 164 30.000
21 162 -28.250
21 160 -54.375
21 153 14.375
21 150 -75.250
21 138 -41.625
21 137 47.000
21 134 78.250
21 119 -20.000
21 103 60.750
21 97 59.250
21 81 9.875
21 80 -84.625
21 75 71.125
21 71 -34.125
21 68 -8.875
21 57 87.250
21 54 4.375
21 48 52.875
21 40 -98.125
21 38 -33.500
22 246 33.750
22 239 57.875
22 238 -99.250
22 233 -78.125
22 204 -10.625
22 199 24.375
22 189 28.250
22 186 -72.875
22 165 -64.625
22 161 25.125
22 153 54.750
22 151 76.750
22 146 -34.500
22 144 2.625
22 143 -9.125
22 133 38.250
22 130 -48.500
22 113 -75.000
22 112 -7.875
22 104 26.375
22 98 96.500
22 97 9.500
22 96 -63.250
22 90 63.500
22 89 55.875
22 88 -65.125
22 85 55.250
22 55 -30.125
22 52 82.500
22 47 56.125
22 32 -24.625
23 248 43.375
23 247 55.500
23 241 51.125
23 237 -86.000
23 231 38.500
23 229 -25.500
23 226 1.500
23 221 44.375
23 217 -85.750
23 216 86.875
23 211 -44.750
23 207 -35.875
23 206 53.625
23 205 53.500
23 195 55.875
23 192 70.000
23 188 -77.375
23 175 81.500
23 170 -28.125
23 164 -60.125
23 161 35.000
23 157 -30.750
23 155 81.500
23 154 11.500
23 144 -93.125
23 141 39.750
23 140 -5.375
23 138 79.375
23 134 -62.375
23 130 -23.125
23 112 -75.375
23 102 98.750
23 93 -42.625
23 91 -61.375
23 90 -32.500
23 88 -43.750
23 85 -25.875
23 84 30.000
23 79 -9.000
23 74 93.625
23 65 -88.625
23 63 -42.125
23 60 -26.000
23 54 -29.750
23 47 44.125
23 43 53.375
23 33 -16.250
23 32 -77.000
23 31 12.375
23 25 -30.500
24 243 77.500
24 242 -10.750
24 240 -61.250
24 235 27.625
24 227 85.750
24 209 5.500
24 205 53.125
24 204 95.250
24 178 43.125
24 174 -55.625
24 169 -20.125
24 164 88.375
24 162 56.375
24 155 39.375
24 154 -69.000
24 147 -94.250
24 124 -47.750
24 122 -57.750
24 110 -80.625
24 98 -30.750
24 92 -88.125
24 90 80.500
24 88 -93.625
24 86 -3.125
24 83 80.000
24 67 -34.625
24 63 -60.000
24 51 51.375
24 48 -32.250
24 42 -91.750
24 36 -12.625
25 250 85.125
25 248 -68.375
25 245 26.625
25 238 -0.250
25 232 -14.750
25 231 37.250
25 211 35.500
25 196 29.750
25 193 -8.250
25 187 76.250
25 186 80.875
25 183 -93.500
25 179 80.250
25 161 -81.875
25 143 16.250
25 142 34.500
25 137 -24.375
25 127 79.500
25 122 -97.250
25 114 40.625
25 97 -89.000
25 84 -68.125
25 63 92.250
25 39 2.000
25 38 92.000
25 28 63.250
25 27 72.125
25 26 -6.750
26 250 11.125
26 226 -18.500
26 222 20.000
26 219 81.625
26 207 72.375
26 205 22.000
26 199 3.875
26 198 58.875
26 191 -94.625
26 190 -98.125
26 189 -90.875
26 183 -49.500
26 165 63.125
26 155 -61.125
26 153 27.500
26 151 -88.375
26 147 -13.125
26 146 39.625
26 137 -97.500
26 135 -24.625
26 127 -32.500
26 125 -36.375
26 110 27.000
26 90 96.000
26 77 44.125
26 66 99.125
26 55 69.750
26 53 -29.125
26 48 42.250
26 37 -48.875
27 245 67.625
27 227 -37.500
27 221 51.625
27 217 15.125
27 211 -5.500
27 207 -90.125
27 201 -89.375
27 199 -11.250
27 197 82.125
27 193 -75.250
27 179 -99.750
27 175 21.875
27 169 53.625
27 167 45.750
27 163 11.375
27 155 11.125
27 153 48.000
27 149 40.000
27 145 79.250
27 124 36.000
27 116 -46.625
27 114 -73.625
27 108 44.250
27 96 -87.750
27 74 70.625
27 72 -99.000
27 63 30.375
27 61 43.125
27 57 18.500
27 47 -45.750
28 248 -44.625
28 242 20.125
28 231 17.250
28 229 53.375
28 216 -42.375
28 215 85.875
28 214 31.125
28 211 95.500
28 204 58.500
28 199 63.625
28 195 -29.375
28 193 -81.000
28 186 53.250
28 167 -48.375
28 129 35.375
28 119 -33.500
28 108 -65.500
28 105 14.375
28 98 88.875
28 69 -9.875
28 65 -40.625
28 61 -94.000
28 52 -59.500
28 43 -14.500
28 41 67.500
28 36 72.625
28 32 -93.250
29 250 -61.500
29 246 30.125
29 245 -23.625
29 234 -16.875
29 222 -67.875
29 213 1.375
29 198 -6.125
29 178 4.000
29 175 -6.500
29 170 23.375
29 160 -96.500
29 159 -58.250
29 156 -72.750
29 132 91.250
29 131 8.500
29 130 -27.750
29 115 -66.750
29 112 88.500
29 110 -58.750
29 109 70.500
29 105 -37.500
29 102 97.500
29 97 57.875
29 96 86.625
29 95 87.125
29 89 47.250
29 83 43.750
29 55 -15.125
29 54 -0.250
29 51 81.000
29 33 -47.375
30 245 -73.375
30 242 22.000
30 239 71.875
30 237 -75.250
30 235 -36.250
30 227 72.750
30 226 -44.625
30 223 -98.625
30 219 -14.500
30 204 63.750
30 178 -5.375
30 169 -73.500
30 158 50.000
30 155 61.625
30 146 62.875
30 138 -2.875
30 132 -19.125
30 128 -28.250
30 125 -70.250
30 94 61.625
30 89 74.000
30 81 -40.250
30 78 1.250
30 73 -33.875
30 71 99.250
30 69 57.875
30 59 65.875
30 56 23.625
30 52 22.125
30 45 -58.500
30 38 -74.125
30 33 88.875
31 231 17.500
31 216 69.500
31 203 10.250
31 197 -77.250
31 187 -85.750
31 183 28.500
31 177 -56.625
31 175 -2.000
31 161 -37.375
31 138 62.500
31 137 89.750
31 132 93.125
31 117 -52.750
31 116 -76.875
31 108 -43.625
31 106 74.500
31 101 -25.875
31 96 53.125
31 88 -59.375
31 82 -18.125
31 71 -26.875
31 58 -59.375
31 53 -97.875
31 46 74.875
31 42 -15.750
31 40 58.625
31 37 -43.500
32 238 -72.750
32 233 39.500
32 227 -16.250
32 216 55.500
32 210 -83.125
32 208 65.625
32 206 33.875
32 202 -29.375
32 198 69.250
32 197 -89.875
32 191 -4.250
32 184 11.000
32 155 2.750
32 140 68.250
32 139 85.500
32 137 -70.875
32 135 -91.500
32 133 98.875
32 128 80.000
32 120 36.250
32 116 -49.625
32 115 56.375
32 110 -90.500
32 108 13.250
32 92 96.625
32 74 83.500
32 65 -5.250
32 44 48.625
32 38 -38.250
33 247 60.875
33 245 -94.625
33 241 60.750
33 232 48.750
33 230 72.750
33 220 -60.250
33 217 54.625
33 206 79.250
33 202 -12.250
33 187 53.125
33 169 65.750
33 159 54.875
33 153 86.375
33 137 -26.875
33 120 31.375
33 116 4.500
33 113 75.750
33 97 -80.500
33 95 -71.000
33 92 10.000
33 69 90.375
33 62 -83.000
33 48 -69.750
33 43 35.625
34 244 -41.250
34 236 14.500
34 229 -23.875
34 227 -24.375
34 226 -9.375
34 220 -10.875
34 217 68.000
34 214 49.250
34 212 -52.875
34 205 -99.500
34 202 -97.125
34 187 2.250
34 175 -42.875
34 170 58.000
34 158 -49.125
34 143 39.125
34 132 41.750
34 128 64.250
34 126 67.625
34 123 -43.500
34 120 31.375
34 96 -51.625
34 94 -37.375
34 88 22.125
34 87 -29.125
34 86 -92.250
34 81 0.625
34 72 -44.500
34 64 37.125
34 61 -38.500
34 60 -67.375
34 54 -82.750
34 51 31.000
34 50 -92.875
34 49 -32.250
34 48 7.875
34 35 58.000
35 247 -38.375
35 237 -73.125
35 233 -60.250
35 230 61.500
35 225 74.500
35 218 -74.500
35 212 50.375
35 209 -61.750
35 200 90.000
35 199 -24.375
35 182 13.125
35 181 -28.875
35 179 -68.375
35 177 -40.500
35 176 31.375
35 172 82.375
35 164 36.750
35 158 30.250
35 157 -60.375
35 151 64.750
35 147 94.875
35 144 -0.625
35 142 -42.375
35 141 -89.625
35 126 79.250
35 122 -27.250
35 120 58.875
35 119 -58.125
35 111 -62.875
35 83 92.500
35 78 71.375
35 76 88.250
35 73 -42.375
35 70 31.875
35 65 85.250
35 64 -8.500
35 62 76.000
35 61 -45.000
35 52 70.375
35 49 -78.375
35 41 91.375
35 39 15.250
36 250 85.125
36 248 -11.000
36 239 -5.000
36 235 -61.500
36 223 -3.625
36 197 -31.375
36 191 97.500
36 183 15.375
36 163 -46.500
36 148 -97.375
36 132 -98.625
36 123 52.625
36 119 27.250
36 103 -35.000
36 97 1.375
36 96 -79.500
36 90 -97.125
36 89 29.250
36 87 -17.625
36 72 52.125
36 65 -66.625
36 61 68.000
36 58 -94.125
36 52 -7.125
36 50 84.375
36 49 12.000
36 38 -51.875
37 247 -93.375
37 243 36.625
37 242 73.250
37 238 -23.750
37 223 -49.000
37 204 -2.375
37 195 -31.500
37 178 70.125
37 165 78.750
37 161 62.500
37 153 -98.500
37 146 -18.375
37 138 94.625
37 127 -37.875
37 124 59.500
37 122 73.875
37 103 43.750
37 96 85.625
37 95 -75.500
37 89 -84.750
37 88 37.250
37 53 15.625
37 49 -94.000
37 48 -41.125
37 41 -6.250
38 222 -87.375
38 218 -30.000
38 208 43.375
38 205 -12.625
38 204 36.875
38 203 40.625
38 202 -31.625
38 200 81.875
38 197 -16.750
38 186 -90.500
38 185 -61.625
38 164 -30.375
38 160 81.625
38 159 -55.250
38 140 -76.625
38 139 -6.000
38 136 19.250
38 133 -67.875
38 128 -91.375
38 122 4.375
38 121 8.250
38 94 -93.500
38 92 62.625
38 87 71.250
38 64 65.500
38 59 1.500
38 56 20.375
38 46 -63.625
38 41 -25.000
39 245 7.875
39 232 -56.000
39 223 29.250
39 221 96.000
39 215 7.875
39 212 81.625
39 195 78.250
39 192 -29.250
39 172 38.250
39 169 -90.750
39 150 -67.000
39 146 31.250
39 137 65.000
39 120 -40.625
39 113 55.750
39 103 -88.125
39 97 -10.125
39 86 72.375
39 82 -30.625
39 81 -2.125
39 80 2.875
39 70 44.500
39 69 -11.000
39 62 -2.250
39 60 -83.500
39 57 -38.250
39 52 45.750
39 44 -24.625
40 243 35.250
40 207 -13.875
40 205 42.875
40 189 -5.250
40 186 26.750
40 183 1.625
40 179 22.250
40 165 -56.000
40 162 -80.875
40 159 59.375
40 157 58.375
40 156 -49.750
40 151 -21.125
40 149 15.125
40 146 48.625
40 143 82.500
40 141 60.750
40 140 -25.875
40 139 -41.250
40 116 -78.125
40 112 38.125
40 100 -59.875
40 99 28.250
40 97 22.250
40 70 -93.875
40 58 6.375
40 51 80.000
40 41 -4.375
41 244 -70.000
41 235 -54.625
41 232 -19.250
41 228 23.625
41 223 -40.750
41 221 58.500
41 218 81.125
41 215 -33.375
41 207 0.875
41 202 -19.750
41 200 -69.000
41 199 0.625
41 193 -0.375
41 178 -55.125
41 172 -38.625
41 161 13.875
41 158 62.500
41 151 95.500
41 147 -70.125
41 129 -80.000
41 128 -18.375
41 111 14.875
41 104 -74.625
41 91 -90.625
41 90 -54.875
41 87 25.875
41 71 48.750
41 68 -40.250
41 67 52.625
41 63 -51.500
41 59 -6.125
42 249 -59.500
42 247 -60.000
42 243 39.000
42 225 -86.750
42 218 43.000
42 216 -11.750
42 209 89.625
42 207 62.250
42 170 -80.000
42 156 88.750
42 153 36.750
42 152 77.875
42 150 52.000
42 148 97.375
42 142 -9.500
42 141 73.625
42 131 -16.375
42 110 -93.625
42 106 41.000
42 98 -28.875
42 87 80.000
42 85 -93.000
42 76 14.750
42 73 -54.125
42 65 -17.250
42 44 26.875
43 227 32.000
43 215 -50.250
43 208 -75.250
43 207 67.500
43 204 -36.000
43 177 -97.500
43 173 53.000
43 170 76.000
43 168 44.875
43 162 -54.125
43 158 95.375
43 149 61.500
43 146 32.000
43 145 -68.875
43 139 77.250
43 136 -94.000
43 128 -87.625
43 126 8.125
43 117 -82.375
43 105 51.625
43 89 2.875
43 80 76.750
43 78 -92.500
43 75 -27.375
43 69 51.875
43 68 63.375
43 55 -63.500
43 50 -61.375
43 46 66.750
44 240 41.375
44 238 80.250
44 235 -37.625
44 234 85.000
44 223 -9.250
44 218 -23.500
44 217 29.625
44 213 -73.125
44 210 -51.125
44 192 41.875
44 185 -41.625
44 182 -32.875
44 172 57.125
44 170 59.000
44 143 98.125
44 139 1.250
44 111 76.125
44 99 -49.375
44 96 -10.750
44 95 -32.625
44 91 28.750
44 84 -25.125
44 60 92.500
44 48 -1.875
44 47 -50.750
45 246 46.125
45 244 94.375
45 220 1.000
45 217 36.250
45 211 36.125
45 202 19.750
45 199 38.250
45 191 25.875
45 189 -24.250
45 187 -98.125
45 171 -49.875
45 163 94.250
45 154 -15.125
45 142 28.500
45 127 30.750
45 124 43.875
45 123 73.500
45 121 93.375
45 120 39.625
45 118 -24.125
45 116 -30.250
45 109 88.125
45 102 -81.500
45 91 -93.750
45 86 55.875
45 84 -3.500
45 76 -52.750
46 247 40.250
46 234 52.500
46 215 -57.625
46 213 -88.625
46 205 27.375
46 199 -34.125
46 195 61.375
46 190 62.875
46 185 -64.250
46 172 58.375
46 169 58.875
46 167 42.125
46 163 78.250
46 162 3.375
46 155 -88.375
46 153 93.625
46 132 7.125
46 122 -69.750
46 119 -14.875
46 113 -59.875
46 112 -25.625
46 100 9.375
46 98 -4.750
46 87 -77.125
46 80 -53.625
46 66 -9.000
46 63 -50.750
46 51 -8.875
47 249 6.250
47 240 -50.250
47 230 19.375
47 212 -8.750
47 206 91.125
47 193 -84.625
47 179 88.500
47 175 9.250
47 164 -74.375
47 156 -19.500
47 136 -14.500
47 133 -87.375
47 109 83.750
47 108 -14.750
47 94 72.500
47 90 -56.500
47 89 -14.125
47 85 -91.625
47 81 7.500
47 80 3.875
47 78 -99.500
47 65 -23.750
47 56 38.750
47 52 74.250
48 242 56.375
48 235 48.375
48 228 -59.500
48 225 54.500
48 222 -80.375
48 217 -79.125
48 214 -30.750
48 209 -23.875
48 208 -23.875
48 202 52.500
48 201 60.875
48 194 57.625
48 193 -46.875
48 188 -31.250
48 173 -17.875
48 161 21.750
48 159 -91.750
48 156 59.000
48 146 -37.125
48 136 -18.375
48 122 -22.125
48 120 83.750
48 108 87.000
48 99 28.250
48 90 -46.000
48 88 -53.500
48 85 93.875
48 82 -13.875
48 75 -96.375
48 70 -50.875
48 65 -92.500
48 61 65.000
48 52 3.500
49 249 21.875
49 244 -33.000
49 237 -76.500
49 232 13.250
49 229 99.125
49 224 -90.250
49 216 73.250
49 215 -63.125
49 213 85.875
49 209 96.500
49 208 99.875
49 195 92.750
49 192 22.375
49 178 -77.375
49 175 29.125
49 173 -84.000
49 171 39.000
49 165 69.125
49 162 46.625
49 156 -13.250
49 155 72.250
49 149 81.625
49 143 17.750
49 125 -9.125
49 117 -68.000
49 109 82.500
49 83 88.750
49 82 53.500
49 79 -12.250
49 76 -89.500
49 72 5.500
49 66 -29.625
49 65 -21.250
50 248 51.625
50 230 65.500
50 229 9.375
50 214 52.375
50 213 73.625
50 195 48.125
50 190 18.250
50 187 91.000
50 185 -0.625
50 184 51.625
50 182 55.625
50 176 -44.000
50 160 -58.875
50 157 95.875
50 143 76.750
50 128 -25.375
50 104 1.250
50 92 -91.875
50 87 -57.000
50 86 92.250
50 81 28.750
50 72 -31.875
50 64 43.125
50 55 -83.750
50 53 2.750
51 250 22.250
51 248 83.875
51 239 -23.375
51 208 65.500
51 199 -42.875
51 186 -88.250
51 180 -48.000
51 165 92.375
51 157 44.500
51 150 64.250
51 145 -10.250
51 109 59.375
51 87 77.000
51 84 -53.500
51 54 -64.500
52 228 -1.250
52 227 -0.000
52 209 -8.500
52 205 -88.375
52 203 -22.250
52 201 24.500
52 197 18.625
52 190 -17.875
52 184 17.375
52 181 64.000
52 164 -24.125
52 158 21.250
52 147 38.750
52 128 45.500
52 125 -9.375
52 116 0.500
52 113 -51.750
52 108 43.125
52 100 -44.125
52 96 36.000
52 78 40.250
52 61 68.125
52 53 98.500
53 248 82.375
53 242 -17.500
53 232 74.375
53 208 -33.000
53 191 -61.125
53 190 -99.375
53 178 -97.750
53 172 -51.750
53 166 -64.125
53 152 -74.500
53 151 25.125
53 136 -24.250
53 135 -33.375
53 133 88.250
53 130 -93.000
53 128 65.125
53 124 96.750
53 122 -11.250
53 117 -15.875
53 115 29.625
53 111 55.500
53 109 47.000
53 107 -58.250
53 99 -75.250
53 92 54.375
53 89 -67.750
53 82 2.250
53 80 -16.875
53 56 97.500
53 55 3.500
54 246 46.750
54 241 -37.000
54 234 -34.375
54 209 -28.375
54 208 -56.375
54 206 26.750
54 191 -61.625
54 190 81.250
54 160 61.000
54 138 -47.500
54 126 -70.875
54 123 -90.875
54 115 18.875
54 111 -17.375
54 105 -4.250
54 98 17.125
54 91 0.250
54 90 -58.750
54 82 6.750
54 78 -18.750
54 55 -99.375
55 241 -82.500
55 239 8.375
55 227 -3.500
55 218 7.125
55 217 91.875
55 215 9.000
55 210 -29.000
55 206 13.625
55 199 48.125
55 191 -17.000
55 171 88.500
55 170 40.375
55 163 71.500
55 157 -92.875
55 148 28.250
55 142 93.625
55 135 -33.875
55 125 -77.125
55 122 11.125
55 120 -76.625
55 119 36.875
55 110 6.750
55 94 50.625
55 90 -28.000
55 88 -15.750
55 87 6.875
55 86 -17.000
55 77 77.750
55 67 -46.625
56 240 -17.250
56 239 59.750
56 236 -23.875
56 209 34.125
56 203 -66.500
56 201 94.000
56 200 3.625
56 199 32.750
56 197 85.375
56 192 85.750
56 186 32.000
56 185 48.125
56 169 89.375
56 163 -8.125
56 155 -96.250
56 139 52.875
56 121 37.750
56 120 55.375
56 117 -28.500
56 116 31.000
56 114 74.625
56 112 -41.625
56 110 39.000
56 107 26.125
56 97 31.125
56 95 56.625
56 92 56.375
56 87 19.250
56 86 76.000
56 82 -80.500
56 76 71.750
56 73 74.500
56 67 -59.875
56 62 18.125
56 59 44.750
57 248 76.000
57 224 27.500
57 221 33.250
57 217 -5.250
57 216 96.625
57 212 6.125
57 196 28.125
57 180 -59.625
57 172 -73.500
57 159 -62.750
57 146 -6.500
57 143 51.750
57 136 4.875
57 128 94.125
57 104 81.875
57 95 16.250
57 94 19.500
57 87 78.750
57 82 9.625
57 77 -98.000
57 74 53.125
57 69 -39.625
57 67 84.125
57 59 98.000
58 243 1.125
58 232 42.000
58 231 -87.125
58 216 -11.750
58 213 35.500
58 204 8.250
58 195 99.000
58 184 -13.750
58 171 80.625
58 167 -38.250
58 162 64.750
58 160 -47.125
58 156 42.250
58 155 24.500
58 154 7.000
58 152 -53.375
58 133 -41.500
58 130 68.375
58 128 52.750
58 124 82.875
58 119 46.875
58 118 -46.375
58 100 2.750
58 97 2.500
58 86 -98.000
58 74 27.250
58 68 61.000
58 67 45.750
59 243 25.500
59 240 -62.875
59 238 -93.000
59 233 -4.750
59 232 11.375
59 230 -45.125
59 227 -56.000
59 225 75.500
59 216 -69.750
59 200 -27.375
59 185 -52.750
59 181 -84.500
59 167 -10.500
59 162 -56.750
59 159 20.125
59 148 -2.500
59 145 -49.250
59 144 53.625
59 143 -67.375
59 141 -6.250
59 138 -6.125
59 132 -24.125
59 122 12.250
59 117 38.875
59 114 12.500
59 103 -23.750
59 100 3.875
59 99 68.875
59 98 75.625
59 97 82.250
59 70 69.000
59 69 85.875
59 66 59.625
59 60 41.500
60 247 13.875
60 229 -71.250
60 219 -62.125
60 213 -41.750
60 212 -53.250
60 211 -88.625
60 199 -89.500
60 191 -75.750
60 190 52.750
60 173 26.625
60 170 91.250
60 169 67.875
60 167 53.500
60 165 51.750
60 162 -52.750
60 145 -94.875
60 135 -35.000
60 126 -84.500
60 123 -17.750
60 118 90.625
60 109 93.125
60 107 55.000
60 84 65.750
60 63 79.625
61 241 48.625
61 238 18.250
61 228 34.500
61 226 77.500
61 224 -50.375
61 219 -82.500
61 217 66.750
61 212 81.250
61 204 39.625
61 198 57.000
61 193 -49.375
61 192 -41.250
61 186 -12.375
61 183 13.250
61 177 19.375
61 175 -27.375
61 155 -30.875
61 145 48.875
61 137 -12.875
61 136 -69.750
61 128 -46.000
61 123 69.375
61 116 -12.250
61 102 25.625
61 92 17.500
61 87 12.750
61 79 81.875
62 250 -83.500
62 243 77.625
62 230 -87.250
62 228 49.125
62 222 83.625
62 210 -79.875
62 202 -75.500
62 196 -79.625
62 190 -63.000
62 187 -37.625
62 146 18.500
62 144 16.750
62 139 75.750
62 132 39.375
62 128 29.250
62 125 3.250
62 124 38.375
62 123 -60.000
62 121 16.750
62 114 -19.750
62 100 57.750
62 92 30.875
62 90 -69.500
62 81 18.000
62 77 -6.125
62 68 -65.000
63 242 71.625
63 240 88.125
63 237 -79.875
63 230 46.250
63 224 48.125
63 216 83.375
63 212 -89.375
63 202 -96.625
63 192 -31.500
63 187 68.250
63 186 23.000
63 178 -53.750
63 174 45.625
63 171 79.125
63 168 -60.625
63 148 -93.875
63 147 87.000
63 144 10.500
63 142 -51.750
63 134 25.250
63 125 0.625
63 117 -37.500
63 113 -53.750
63 109 -82.500
63 100 61.375
63 96 -91.375
63 91 3.000
63 89 -13.250
63 76 57.125
64 248 -56.875
64 247 84.250
64 232 -75.875
64 231 -76.125
64 228 10.625
64 227 -13.625
64 224 38.375
64 216 39.500
64 208 -35.750
64 205 -34.125
64 203 -14.375
64 193 38.000
64 185 -97.125
64 145 96.000
64 141 52.625
64 126 10.250
64 125 -92.375
64 119 -9.000
64 112 35.625
64 94 46.875
64 91 38.375
64 83 -57.875
64 81 -29.500
64 79 -17.750
64 75 23.750
65 249 32.625
65 239 -11.125
65 233 95.625
65 230 43.875
65 229 -56.125
65 228 -91.625
65 221 34.500
65 210 15.125
65 202 38.750
65 199 -62.625
65 198 -86.500
65 184 18.500
65 168 -21.000
65 161 86.125
65 145 14.375
65 142 -10.125
65 137 -84.625
65 132 31.500
65 118 60.500
65 114 -66.625
65 103 68.375
65 98 -59.625
65 96 23.625
65 81 72.500
65 78 55.625
65 76 21.375
65 73 55.125
65 66 47.875
66 232 27.000
66 220 29.875
66 217 -68.125
66 210 -1.500
66 199 -24.875
66 198 60.250
66 196 45.375
66 163 62.000
66 162 94.625
66 160 -28.375
66 159 -29.500
66 156 21.500
66 153 -13.375
66 138 32.875
66 132 -70.625
66 130 10.000
66 117 -33.000
66 116 45.125
66 115 50.750
66 114 -14.875
66 107 19.125
66 102 -21.750
66 101 90.625
66 97 -14.500
66 71 55.625
67 249 69.875
67 230 12.250
67 218 86.250
67 210 22.000
67 204 -73.750
67 201 7.500
67 194 11.875
67 188 -3.000
67 187 12.875
67 171 91.000
67 168 -4.875
67 163 11.125
67 155 -47.750
67 150 -59.875
67 148 -60.125
67 146 22.750
67 141 -97.375
67 140 -96.000
67 131 56.375
67 129 -45.250
67 122 -73.500
67 118 -95.625
67 117 -34.500
67 114 17.875
67 104 52.625
67 97 -98.750
67 84 86.000
67 78 0.500
67 76 73.375
68 243 -68.750
68 241 -24.250
68 240 58.125
68 233 98.250
68 229 82.750
68 226 -53.125
68 222 6.625
68 220 -69.625
68 211 -0.875
68 202 -95.500
68 199 62.875
68 185 -69.625
68 181 54.875
68 170 -13.500
68 169 -2.625
68 162 -94.750
68 160 48.250
68 155 -84.125
68 135 -21.750
68 127 -61.750
68 125 -42.750
68 122 -16.250
68 114 -31.125
68 100 81.000
68 95 -33.500
68 93 -3.375
68 71 -50.750
69 248 -69.500
69 242 76.250
69 234 5.750
69 229 -24.250
69 226 -31.875
69 222 -76.375
69 213 -61.625
69 197 -87.875
69 196 52.125
69 192 57.250
69 191 54.000
69 184 -81.750
69 160 55.625
69 157 86.375
69 152 -14.875
69 147 99.125
69 134 92.375
69 132 -95.625
69 122 -33.250
69 120 96.250
69 109 6.125
69 107 99.750
69 104 54.375
69 103 -51.125
69 98 -13.500
69 96 -99.375
69 87 81.875
69 84 -91.125
69 75 -0.875
70 243 -89.000
70 235 32.000
70 225 85.500
70 216 27.875
70 207 87.375
70 191 23.125
70 190 -4.250
70 187 57.125
70 183 28.875
70 163 -13.500
70 153 59.000
70 148 69.375
70 147 71.125
70 139 91.875
70 137 -23.000
70 134 36.750
70 120 -85.125
70 113 22.000
70 99 84.000
70 98 88.750
70 91 61.000
70 80 -17.625
70 72 19.125
71 249 -84.750
71 248 -87.625
71 245 -71.250
71 242 0.000
71 236 -40.750
71 226 -53.250
71 223 95.875
71 220 -43.875
71 218 21.750
71 215 62.375
71 214 -11.000
71 205 17.875
71 199 67.625
71 193 -18.625
71 185 -44.000
71 182 -36.875
71 172 -31.750
71 170 93.125
71 155 -90.625
71 149 59.000
71 142 -71.625
71 124 -53.250
71 121 55.750
71 116 11.125
71 98 48.000
71 89 -15.125
71 74 23.750
72 250 -47.125
72 241 -76.125
72 237 -55.125
72 234 39.250
72 231 55.875
72 218 25.375
72 212 -41.625
72 200 64.250
72 179 -16.500
72 178 -16.250
72 168 73.250
72 165 -86.625
72 151 27.375
72 147 45.625
72 145 -98.750
72 137 -42.500
72 131 50.000
72 128 84.375
72 121 44.375
72 94 66.000
72 79 -83.875
72 75 84.125
73 240 -56.125
73 238 -13.375
73 235 -75.125
73 228 -0.000
73 217 -1.625
73 214 57.250
73 211 -78.250
73 207 11.500
73 206 17.250
73 193 95.750
73 189 -23.375
73 168 11.625
73 166 10.375
73 155 -77.625
73 140 -98.625
73 137 8.000
73 134 -62.750
73 132 -54.625
73 131 19.625
73 124 -19.250
73 115 -41.875
73 102 -26.875
73 96 -81.000
73 89 -81.750
73 86 47.250
73 82 25.250
74 233 3.000
74 228 -14.500
74 222 25.125
74 216 22.500
74 210 -61.125
74 209 90.375
74 203 -11.125
74 197 51.875
74 191 34.875
74 179 30.625
74 177 86.250
74 166 -1.875
74 161 52.375
74 152 44.375
74 130 -90.625
74 122 -71.875
74 115 85.500
74 105 -65.875
74 102 96.000
74 99 84.000
74 95 61.125
74 88 -3.375
74 86 82.750
75 241 -30.250
75 237 -28.375
75 218 2.375
75 215 -85.000
75 205 -65.625
75 196 -52.625
75 183 -90.750
75 176 -32.500
75 175 -30.500
75 166 65.375
75 163 27.750
75 150 -36.250
75 145 -87.875
75 144 -37.125
75 141 -47.375
75 121 94.875
75 120 -31.375
75 115 89.750
75 112 53.000
75 105 75.250
75 84 9.375
75 80 -5.125
76 250 -16.875
76 249 -55.875
76 246 -14.750
76 240 -55.125
76 235 27.875
76 222 -22.750
76 213 44.750
76 210 -78.250
76 199 -80.125
76 196 -39.750
76 195 28.750
76 184 30.125
76 177 89.000
76 176 -23.375
76 175 -22.750
76 164 -40.000
76 160 -23.000
76 157 -69.500
76 144 16.000
76 136 -11.250
76 135 -54.250
76 126 92.000
76 113 -40.625
76 111 1.000
76 106 -67.000
76 99 -23.875
77 235 -39.875
77 214 -34.750
77 211 -77.000
77 196 -59.125
77 185 -48.750
77 180 -4.375
77 175 83.125
77 170 -9.875
77 159 75.750
77 147 86.250
77 136 -30.375
77 135 -41.125
77 134 -56.375
77 127 59.625
77 124 -9.000
77 120 -12.000
77 118 -55.000
77 99 -33.000
77 94 16.625
77 93 -57.000
77 92 -46.625
77 85 -88.375
77 84 37.500
77 81 80.750
77 80 45.250
78 240 -80.625
78 226 61.125
78 210 50.375
78 205 44.125
78 203 -36.125
78 202 73.750
78 188 -45.375
78 178 -19.500
78 169 6.750
78 161 -10.750
78 160 -11.500
78 155 -56.875
78 153 37.625
78 152 -5.500
78 127 5.375
78 116 71.250
78 115 -85.250
78 108 -21.000
78 101 -84.500
78 99 -76.000
78 91 -97.250
78 89 -67.500
79 246 0.000
79 244 -58.625
79 238 -70.000
79 235 87.375
79 227 -88.625
79 220 -41.250
79 216 89.375
79 210 99.750
79 205 -57.875
79 197 42.875
79 192 -73.625
79 182 88.000
79 176 -24.500
79 163 3.125
79 162 -34.000
79 159 -4.500
79 156 93.250
79 131 68.625
79 124 -41.250
79 115 -82.875
79 101 -99.500
79 98 -54.000
79 97 -57.125
79 96 54.750
79 88 -38.500
79 80 77.750
80 246 97.125
80 245 99.125
80 243 -34.250
80 238 -50.875
80 236 49.250
80 232 -47.250
80 226 -8.000
80 224 -58.000
80 222 59.500
80 220 -7.250
80 217 41.875
80 213 -1.250
80 212 -24.375
80 197 64.625
80 196 -41.125
80 191 -57.875
80 189 74.500
80 180 97.375
80 156 84.625
80 155 -68.750
80 142 -39.250
80 118 54.750
80 112 -22.500
80 107 6.125
80 95 -58.000
80 94 -19.000
80 93 -27.875
80 91 -57.750
80 86 16.125
80 83 -66.625
81 249 -62.125
81 236 39.750
81 235 -9.875
81 231 98.125
81 226 47.500
81 220 -32.250
81 214 59.875
81 200 18.750
81 178 38.250
81 152 -62.375
81 149 -88.500
81 143 -55.625
81 137 -31.750
81 112 -85.375
81 102 -62.625
81 95 -52.250
81 85 63.000
81 82 1.250
82 245 26.875
82 244 46.000
82 242 -41.000
82 226 -33.625
82 223 75.875
82 220 -41.375
82 219 -6.625
82 218 -34.125
82 216 -74.875
82 196 15.875
82 193 -59.750
82 191 -59.250
82 175 -24.125
82 164 5.750
82 157 43.375
82 155 4.500
82 146 -10.750
82 145 32.875
82 132 -70.250
82 131 -61.125
82 127 40.625
82 124 72.875
82 118 61.875
82 115 57.000
82 113 -75.500
82 86 32.500
83 241 -24.000
83 232 37.375
83 228 15.125
83 226 76.500
83 198 -34.000
83 196 -83.000
83 191 -45.750
83 188 32.750
83 185 41.875
83 184 -18.750
83 172 -50.750
83 171 95.750
83 170 -61.250
83 169 88.500
83 162 -70.875
83 157 70.500
83 146 -53.500
83 141 3.250
83 139 -16.875
83 138 65.625
83 135 -86.500
83 129 10.875
83 119 23.750
83 113 -92.125
83 98 32.125
84 247 -41.000
84 246 -77.375
84 238 79.125
84 226 51.500
84 225 -28.125
84 220 -34.250
84 211 -31.750
84 209 3.875
84 207 36.125
84 206 -73.000
84 170 -65.750
84 165 -72.125
84 163 31.500
84 153 19.375
84 150 -64.125
84 141 36.625
84 139 -3.625
84 137 71.250
84 132 25.875
84 125 6.750
84 124 79.625
84 123 -84.250
84 121 24.750
84 120 14.875
84 119 -59.500
84 115 32.125
84 114 -65.625
84 102 63.250
84 98 -16.875
84 93 15.375
85 243 11.750
85 221 -66.125
85 210 -93.375
85 206 94.750
85 192 -42.500
85 186 11.750
85 184 -78.500
85 174 -25.625
85 173 2.500
85 165 -8.250
85 162 69.125
85 156 -41.500
85 145 -87.625
85 128 5.125
85 127 85.625
85 112 89.375
85 111 -41.250
85 104 -47.750
85 101 -6.250
85 93 -64.125
85 90 23.625
86 240 32.625
86 237 6.375
86 231 -35.625
86 220 98.125
86 210 -4.000
86 205 2.500
86 183 -7.125
86 182 -32.875
86 181 18.875
86 175 -35.625
86 173 18.500
86 170 -24.500
86 168 -10.375
86 147 65.250
86 143 -2.750
86 139 62.000
86 138 34.000
86 135 -0.125
86 130 70.875
86 101 -65.000
86 94 -68.625
86 92 41.500
87 250 -61.125
87 245 49.375
87 244 21.875
87 238 19.250
87 230 -87.750
87 207 81.625
87 199 -2.375
87 192 -38.250
87 191 44.375
87 187 67.375
87 184 -54.750
87 183 91.375
87 158 33.250
87 157 14.250
87 153 -89.875
87 138 47.375
87 137 -41.250
87 131 -18.875
87 97 -82.625
88 245 -7.250
88 244 21.125
88 242 66.125
88 239 -54.000
88 233 67.375
88 227 58.625
88 217 68.875
88 209 -88.125
88 208 -41.000
88 198 77.500
88 193 55.125
88 182 48.500
88 174 55.750
88 173 68.125
88 169 78.125
88 167 40.000
88 166 64.125
88 161 7.250
88 157 -67.000
88 156 -46.750
88 153 29.875
88 135 42.750
88 127 45.000
88 116 -44.750
88 109 -98.500
88 96 -60.750
88 89 -20.125
89 246 3.750
89 241 71.000
89 240 -95.875
89 235 18.500
89 226 4.375
89 225 -12.125
89 212 78.000
89 206 -47.375
89 196 68.375
89 184 -55.875
89 179 -86.875
89 178 35.750
89 176 69.250
89 166 -81.875
89 157 56.250
89 150 20.000
89 125 -38.375
89 115 -16.625
89 103 -50.250
89 98 -97.250
89 95 -27.125
89 92 20.625
90 248 39.125
90 242 31.875
90 237 -2.625
90 236 -43.750
90 217 -69.250
90 213 74.250
90 198 5.000
90 197 -83.125
90 185 -53.500
90 184 -83.875
90 180 -1.500
90 179 77.125
90 174 -49.375
90 157 15.125
90 150 44.875
90 140 11.500
90 137 73.625
90 121 -51.750
90 115 -82.750
90 103 66.875
90 95 -70.000
91 243 -71.375
91 242 82.375
91 227 12.875
91 226 -57.000
91 224 -71.625
91 222 78.000
91 220 -60.250
91 215 77.500
91 206 -94.375
91 201 -85.250
91 199 -49.625
91 183 59.125
91 173 64.375
91 171 11.875
91 167 -97.125
91 165 -92.250
91 164 -0.500
91 156 -66.625
91 145 -64.875
91 141 95.000
91 140 -27.000
91 132 64.000
91 122 25.250
91 120 -6.375
91 103 -52.250
91 99 -22.375
92 244 53.625
92 237 25.875
92 230 -17.250
92 222 -34.875
92 219 -8.375
92 190 85.625
92 184 75.875
92 182 36.375
92 177 19.125
92 169 -70.500
92 152 75.625
92 132 72.250
92 131 -43.750
92 128 3.250
92 123 44.875
92 96 -15.500
92 94 71.500
93 237 -15.125
93 219 62.125
93 216 98.250
93 210 -10.500
93 209 -73.500
93 208 3.625
93 196 -4.625
93 194 6.750
93 188 -56.125
93 172 83.625
93 171 79.375
93 169 -59.875
93 145 64.750
93 135 28.750
93 134 62.875
93 127 3.125
93 126 45.125
93 122 -64.000
93 121 82.375
93 110 8.125
93 108 -70.625
93 102 -52.875
93 96 -89.375
94 249 -69.875
94 240 82.375
94 227 -50.875
94 223 -21.125
94 217 -59.375
94 214 93.500
94 211 77.250
94 210 -82.625
94 193 12.375
94 187 -44.125
94 183 -5.500
94 179 38.000
94 166 -74.875
94 162 32.750
94 156 84.500
94 154 -38.125
94 148 78.500
94 139 -90.000
94 130 95.750
94 107 -19.750
94 106 -27.625
94 103 -91.125
94 99 92.875
94 98 58.125
95 245 49.250
95 240 46.375
95 211 40.250
95 196 -27.250
95 195 -53.125
95 194 -58.125
95 192 -49.250
95 186 -71.500
95 175 91.000
95 170 -49.125
95 168 91.000
95 165 96.000
95 157 -15.500
95 128 -14.750
95 126 -66.750
95 121 41.125
95 120 -63.000
95 119 -52.625
95 118 20.250
95 115 60.125
95 108 -82.250
95 107 67.375
96 248 51.250
96 239 67.750
96 236 50.250
96 232 -14.500
96 230 -78.625
96 203 -35.750
96 199 40.250
96 198 -32.750
96 147 -75.250
96 131 -64.875
96 128 1.875
96 125 -48.375
96 123 -86.625
96 120 -8.250
96 115 -43.375
96 114 81.500
96 104 -22.250
96 98 90.125
96 97 -41.000
97 240 24.500
97 239 -62.625
97 238 83.000
97 236 -55.625
97 224 55.625
97 198 46.750
97 193 81.375
97 190 -90.125
97 167 -0.875
97 164 1.250
97 162 28.875
97 160 51.000
97 157 2.375
97 154 89.125
97 153 8.875
97 139 72.375
97 135 -71.750
97 121 -81.750
97 119 -33.000
97 118 19.500
97 105 -41.625
97 104 -32.000
98 244 -4.000
98 242 50.000
98 233 -41.250
98 225 -19.625
98 217 45.750
98 216 -27.375
98 192 84.625
98 187 -32.250
98 184 -33.000
98 178 -35.875
98 176 -40.750
98 165 20.625
98 164 -39.500
98 153 -22.375
98 141 79.500
98 133 -43.500
98 124 -58.875
98 123 21.875
98 114 83.500
98 110 -6.250
98 107 -17.750
99 250 86.750
99 230 -78.500
99 229 25.750
99 223 82.375
99 194 -53.375
99 188 -52.875
99 173 7.000
99 167 -52.875
99 158 -47.250
99 152 -95.750
99 149 -57.000
99 148 -80.625
99 133 43.500
99 130 62.250
99 122 40.000
99 118 -88.750
99 100 59.000
100 246 -15.000
100 242 54.375
100 228 21.500
100 225 -74.500
100 209 3.000
100 207 -11.250
100 203 -68.625
100 202 41.000
100 201 58.000
100 199 82.500
100 198 -64.500
100 191 -44.250
100 190 70.250
100 186 5.375
100 174 32.625
100 168 18.500
100 153 65.500
100 145 53.875
100 141 -52.250
100 140 75.875
100 138 -24.625
100 136 13.125
100 128 -19.250
100 120 57.625
100 115 46.625
100 112 62.000
100 103 -28.125
101 228 94.125
101 217 6.000
101 201 95.125
101 195 70.000
101 189 32.750
101 188 71.125
101 187 -87.000
101 176 -38.625
101 172 23.125
101 171 40.375
101 165 -3.500
101 162 -35.250
101 159 92.750
101 139 3.500
101 125 88.375
101 118 58.375
101 112 5.125
101 108 53.750
101 103 50.500
102 249 -21.000
102 230 -59.625
102 229 47.625
102 228 -31.125
102 226 -78.750
102 219 45.625
102 209 27.000
102 201 -52.375
102 193 10.500
102 189 -57.625
102 187 -6.125
102 184 -98.500
102 170 -56.000
102 166 -77.000
102 165 59.125
102 158 -50.000
102 147 87.375
102 145 -32.000
102 142 -10.500
102 137 -82.625
102 121 77.750
103 247 25.375
103 243 58.500
103 238 -45.625
103 220 98.625
103 218 -65.125
103 207 74.375
103 197 -41.875
103 193 63.875
103 191 -10.250
103 185 -1.000
103 173 77.375
103 172 -78.875
103 165 -23.750
103 159 -59.000
103 158 -22.750
103 135 8.375
103 132 -6.625
103 123 75.625
103 118 91.000
103 105 -79.750
104 242 7.625
104 240 43.875
104 224 -32.125
104 218 33.125
104 215 63.625
104 207 -99.000
104 195 50.875
104 184 82.750
104 180 85.750
104 177 -58.625
104 145 -57.250
104 114 -13.250
105 237 -82.000
105 233 -78.750
105 223 51.375
105 219 63.500
105 217 -16.125
105 208 68.250
105 191 -20.250
105 176 30.625
105 171 -92.125
105 164 -34.000
105 162 54.750
105 159 83.500
105 136 11.000
105 123 -95.250
105 121 62.625
105 107 82.875
106 242 38.375
106 240 -44.000
106 235 22.750
106 225 -6.500
106 218 92.000
106 215 -11.625
106 214 -67.125
106 213 -35.250
106 207 -35.625
106 205 21.500
106 199 -55.000
106 194 9.500
106 193 -73.000
106 192 -83.375
106 189 -26.125
106 178 -6.250
106 168 -40.000
106 160 -91.250
106 151 0.875
106 149 -66.375
106 147 -74.875
106 144 86.375
106 139 -18.250
106 136 65.000
106 134 29.625
106 125 28.250
106 110 63.625
107 238 65.500
107 210 90.500
107 208 -50.000
107 206 -51.875
107 203 45.375
107 202 39.875
107 201 31.250
107 187 -32.000
107 182 -58.750
107 177 -4.000
107 170 82.750
107 146 -30.500
107 137 19.625
107 136 39.500
107 134 81.375
107 130 -18.750
107 129 74.625
107 114 -34.375
108 231 -32.000
108 216 -49.125
108 197 88.500
108 193 -70.250
108 185 -22.250
108 183 44.625
108 180 87.500
108 174 51.250
108 171 98.125
108 167 -57.875
108 161 -8.000
108 151 7.625
108 147 50.625
108 134 68.500
108 125 -26.625
108 115 34.375
108 111 10.375
108 110 -76.375
109 247 -5.125
109 246 17.375
109 243 58.750
109 240 -55.000
109 238 92.625
109 237 -32.000
109 234 38.875
109 233 60.250
109 221 90.000
109 215 -47.625
109 210 -71.500
109 200 -21.500
109 194 -6.625
109 168 -2.875
109 166 -89.000
109 162 -35.000
109 160 -69.750
109 157 -50.125
109 152 -5.000
109 143 -13.875
109 137 -69.000
109 135 58.875
109 134 26.875
109 133 4.000
109 129 66.875
109 122 72.000
109 117 9.500
110 249 40.375
110 237 -37.125
110 230 -7.500
110 222 38.250
110 211 -47.875
110 205 -82.750
110 203 -68.000
110 200 -60.125
110 198 -13.625
110 189 -65.125
110 181 -35.875
110 175 67.000
110 170 -64.875
110 157 53.625
110 155 3.750
110 148 90.125
110 147 2.875
110 138 -12.500
110 137 49.625
110 127 15.000
110 115 4.875
111 234 -23.750
111 202 98.250
111 192 26.625
111 185 61.875
111 184 1.375
111 183 2.375
111 177 74.125
111 176 -73.750
111 163 87.625
111 155 -99.250
111 147 -31.250
111 136 -33.500
111 135 54.250
111 131 74.625
111 114 -46.125
111 112 -22.750
112 245 66.375
112 242 27.125
112 229 15.500
112 228 -3.750
112 221 43.000
112 212 -83.125
112 211 48.750
112 195 19.625
112 193 -50.125
112 183 -10.500
112 167 -30.125
112 165 -83.875
112 164 41.000
112 162 38.125
112 156 81.375
112 139 66.500
112 133 63.750
112 128 21.875
112 127 90.250
112 117 85.125
112 113 63.625
113 247 -86.125
113 239 -77.125
113 234 91.000
113 230 73.750
113 224 3.750
113 218 95.750
113 213 -61.250
113 209 -27.375
113 197 15.625
113 196 -69.875
113 194 -38.250
113 175 60.250
113 161 6.625
113 151 32.375
113 150 47.875
113 145 1.875
113 142 -22.375
113 136 -29.250
113 132 -98.250
113 130 43.875
113 117 -85.625
113 115 18.000
114 250 50.000
114 232 10.500
114 230 -64.625
114 217 49.500
114 216 -46.125
114 212 -57.625
114 205 -82.750
114 197 -74.250
114 191 -35.625
114 189 -50.250
114 188 85.500
114 187 70.125
114 175 -97.125
114 174 99.375
114 160 -33.125
114 158 -68.625
114 148 28.625
114 137 -13.125
114 136 88.375
114 121 31.625
115 248 78.500
115 246 53.000
115 234 -89.375
115 233 66.125
115 221 -74.375
115 211 89.500
115 192 44.500
115 182 -86.375
115 172 -28.000
115 168 -25.875
115 166 62.750
115 161 -69.250
115 134 28.375
115 121 -19.875
115 120 -7.500
116 250 -14.625
116 240 -43.125
116 234 -85.500
116 212 -72.125
116 210 -66.750
116 196 -72.000
116 192 90.250
116 177 -7.250
116 168 65.125
116 157 12.250
116 153 -78.875
116 144 95.750
116 140 -54.500
116 130 74.125
116 118 -75.875
117 248 -83.875
117 244 -74.625
117 224 -70.875
117 199 58.125
117 186 -70.125
117 182 15.500
117 180 -14.750
117 178 -12.000
117 170 -30.000
117 166 -46.500
117 163 92.625
117 161 -43.125
117 154 67.250
117 145 68.375
117 136 35.875
117 131 20.000
117 125 94.875
118 249 28.875
118 244 12.000
118 239 -2.250
118 209 86.250
118 206 42.875
118 204 -10.125
118 199 57.000
118 185 90.625
118 169 -33.250
118 167 48.500
118 166 28.500
118 149 -82.875
118 144 -12.000
118 141 71.125
118 126 -49.875
119 247 20.625
119 242 67.500
119 224 -11.000
119 216 82.625
119 212 -6.875
119 209 11.250
119 206 49.375
119 201 14.250
119 200 84.875
119 187 -76.625
119 185 14.000
119 182 -7.000
119 174 -99.625
119 168 -83.125
119 165 38.625
119 151 -96.625
119 139 -26.250
119 136 44.000
119 135 -13.000
119 133 89.250
120 237 -95.875
120 230 15.750
120 222 -49.000
120 214 -40.250
120 203 53.875
120 202 -92.375
120 188 -15.875
120 185 -58.500
120 175 7.000
120 170 17.000
120 163 85.125
120 160 -71.625
120 157 14.125
120 155 28.375
120 151 -38.500
120 138 2.750
120 132 -27.375
120 125 71.375
120 123 8.250
121 250 -22.500
121 248 26.750
121 230 -83.125
121 227 -84.625
121 223 50.500
121 211 -13.875
121 188 -21.500
121 183 -8.250
121 170 4.500
121 159 -91.250
121 141 4.625
121 133 -29.625
121 127 57.500
121 122 90.500
122 231 -89.250
122 202 -84.000
122 194 -34.375
122 187 -84.375
122 175 -81.750
122 172 -17.250
122 169 -54.875
122 161 -93.250
122 160 4.375
122 153 4.875
122 151 -37.000
122 148 5.000
122 146 -72.375
122 143 -0.250
122 139 1.500
122 131 44.500
123 223 -41.250
123 209 -71.375
123 206 -54.125
123 202 -38.375
123 200 -23.500
123 188 -50.125
123 186 -87.250
123 174 65.000
123 168 -67.625
123 164 63.000
123 159 -60.250
123 138 82.500
123 136 25.875
123 132 -37.000
123 127 -73.375
123 126 -77.250
124 234 -85.625
124 230 -50.750
124 194 84.250
124 193 -62.750
124 190 30.500
124 189 -13.625
124 180 1.000
124 178 3.250
124 176 50.000
124 172 -82.875
124 170 -43.750
124 157 -14.125
124 145 14.625
124 139 -81.875
124 138 84.750
124 130 -11.875
124 127 -90.250
125 249 -98.000
125 248 -99.250
125 247 -93.375
125 239 -76.625
125 229 25.250
125 226 50.625
125 217 -70.875
125 216 -23.125
125 214 90.000
125 201 -5.625
125 196 -59.250
125 190 -53.500
125 165 73.750
125 135 22.500
125 130 72.375
125 129 -64.750
125 127 96.250
126 232 6.750
126 224 43.375
126 218 94.625
126 208 -68.750
126 204 96.250
126 194 38.375
126 189 98.875
126 185 -40.375
126 181 32.500
126 165 59.000
126 158 -5.000
126 151 94.750
126 149 -61.500
126 143 64.125
126 137 21.000
127 240 24.750
127 227 70.375
127 224 -82.375
127 216 17.500
127 207 97.000
127 198 83.375
127 179 8.125
127 174 -15.375
127 172 66.500
127 160 94.625
127 153 46.000
128 243 9.750
128 238 57.750
128 234 46.125
128 220 -17.375
128 218 17.125
128 205 98.500
128 193 30.125
128 192 -37.500
128 187 -37.250
128 186 69.750
128 176 2.625
128 174 18.500
128 167 -25.000
128 154 61.375
128 149 84.125
128 140 -41.500
128 139 58.000
128 129 53.000
129 245 -15.125
129 244 -3.125
129 243 -34.625
129 241 54.250
129 239 72.625
129 225 -83.125
129 223 38.000
129 220 26.625
129 203 34.250
129 202 30.500
129 200 14.375
129 199 -31.875
129 197 -91.875
129 195 -84.250
129 182 -40.250
129 171 -12.625
129 170 92.250
129 168 -13.625
129 159 79.000
129 149 -42.000
129 148 42.750
129 143 17.875
129 139 1.375
129 134 -80.500
130 246 14.875
130 236 -62.125
130 234 -12.750
130 221 -95.125
130 220 13.125
130 218 66.875
130 217 85.875
130 199 95.500
130 194 -43.875
130 192 32.625
130 165 23.250
130 139 -70.375
131 248 -31.125
131 242 8.250
131 235 67.000
131 232 66.875
131 225 -10.375
131 215 -27.750
131 211 58.250
131 204 -13.125
131 199 92.875
131 197 57.250
131 175 75.250
131 174 56.000
131 167 -79.250
131 160 -13.000
131 152 -55.750
131 147 20.375
131 138 90.500
132 244 82.125
132 216 16.125
132 215 -33.000
132 212 54.625
132 209 -59.125
132 206 -35.875
132 205 48.375
132 201 -26.000
132 183 -23.000
132 165 -7.125
132 162 -15.375
132 148 -7.250
132 146 -43.250
132 138 4.000
133 249 -46.125
133 244 93.125
133 241 -96.000
133 221 8.000
133 218 14.000
133 210 13.625
133 189 -10.125
133 182 96.125
133 169 11.375
133 167 -8.500
133 165 66.250
133 140 90.750
133 139 25.000
133 135 74.125
134 218 -46.250
134 216 61.625
134 214 68.875
134 213 15.625
134 208 9.500
134 206 -94.000
134 203 -88.375
134 201 13.750
134 191 -27.125
134 188 -21.750
134 185 44.750
134 184 3.500
134 182 -16.875
134 179 -2.250
134 178 -65.750
134 174 -50.125
134 173 -51.000
134 165 50.000
134 161 19.000
134 138 -66.375
135 247 10.000
135 244 71.375
135 239 -19.500
135 236 -8.000
135 234 77.250
135 230 -42.250
135 229 22.250
135 226 -5.250
135 225 -61.125
135 215 -84.625
135 211 90.375
135 209 -5.500
135 205 -12.875
135 188 -38.750
135 186 55.375
135 185 -4.000
135 184 -38.000
135 182 33.625
135 176 -19.125
135 169 52.625
135 165 22.750
135 152 80.250
135 145 -90.375
136 250 -39.250
136 242 25.375
136 236 53.250
136 232 -59.750
136 231 -89.750
136 212 32.750
136 211 -54.250
136 203 96.250
136 149 85.000
136 147 -17.750
136 140 9.500
137 237 -53.250
137 233 89.375
137 231 62.625
137 230 30.625
137 226 18.375
137 224 -7.250
137 222 -25.000
137 220 -31.250
137 219 19.500
137 205 -26.125
137 197 -37.875
137 194 -87.375
137 185 -54.750
137 180 -90.875
137 174 -91.875
137 170 -35.750
137 166 -50.625
137 160 72.500
137 157 -68.125
137 154 11.875
138 249 -18.000
138 246 -31.500
138 229 61.500
138 225 -16.500
138 206 -37.875
138 205 -0.875
138 200 38.000
138 173 51.625
138 171 -27.375
138 170 84.375
138 161 -90.125
138 154 -57.875
138 149 -80.625
138 148 -20.750
138 146 -36.375
139 230 -35.875
139 221 -58.250
139 219 96.375
139 204 62.500
139 193 -54.625
139 184 -99.375
139 171 -35.750
139 170 -80.375
139 161 76.375
139 159 61.750
139 157 -6.500
139 155 29.125
139 150 -85.750
139 145 3.250
139 142 93.750
140 225 -18.125
140 214 84.000
140 208 50.375
140 201 -45.250
140 196 -62.375
140 192 -36.250
140 179 25.750
140 175 8.125
140 161 76.375
140 143 -1.000
141 250 -14.500
141 243 -6.375
141 231 83.750
141 229 -62.625
141 228 -55.375
141 203 46.375
141 192 -63.875
141 189 12.750
141 181 78.875
141 168 55.750
141 167 12.000
141 160 48.375
141 143 66.250
142 250 30.875
142 247 34.250
142 246 -95.250
142 232 99.625
142 219 91.250
142 215 -70.375
142 209 -1.500
142 172 32.625
142 169 -3.125
142 168 11.875
142 164 93.875
142 163 -88.375
142 162 -94.125
142 158 90.625
142 150 -38.250
143 249 64.875
143 242 69.625
143 234 10.750
143 232 13.875
143 228 -55.000
143 215 -35.500
143 192 -54.500
143 177 73.750
143 161 34.875
143 149 -29.000
144 248 -20.125
144 245 -59.625
144 239 59.375
144 228 91.625
144 226 -2.625
144 217 -56.750
144 216 44.250
144 214 -13.500
144 197 78.750
144 192 44.875
144 182 74.500
144 179 -24.625
144 171 -18.625
144 149 -6.000
145 250 -25.250
145 235 38.625
145 216 8.000
145 201 -67.750
145 198 68.250
145 196 -22.000
145 169 -9.625
145 163 -83.000
145 155 -35.750
145 152 -16.125
146 241 48.750
146 214 55.375
146 205 -2.625
146 201 -61.375
146 194 -47.875
146 191 -26.625
146 173 -23.000
146 170 -29.625
146 166 -40.750
147 237 83.750
147 235 44.750
147 233 -1.250
147 225 79.500
147 219 42.375
147 210 30.000
147 202 94.500
147 194 -22.875
147 188 17.750
147 183 -96.375
147 181 -19.625
147 178 -37.375
148 243 -85.000
148 224 18.875
148 214 -65.250
148 207 -52.000
148 198 -46.250
148 197 1.000
148 195 7.375
148 189 75.125
148 188 35.375
148 187 90.250
148 186 28.250
148 182 -7.250
148 180 -5.250
148 178 95.375
148 175 93.625
148 174 19.625
148 169 51.875
148 160 42.750
148 158 97.875
148 155 86.000
149 239 -63.125
149 238 99.875
149 229 66.125
149 226 15.750
149 217 32.750
149 209 -10.625
149 208 71.125
149 205 33.375
149 192 15.500
149 188 -97.375
149 176 -35.125
149 174 52.625
149 165 28.625
150 250 48.250
150 248 -14.625
150 239 -33.875
150 232 5.500
150 225 -21.125
150 222 -97.750
150 221 2.125
150 217 -78.125
150 212 -25.500
150 200 4.000
150 188 42.875
150 182 99.750
150 171 -58.125
150 162 62.875
150 158 -43.750
151 242 -38.875
151 239 69.000
151 237 -23.500
151 235 -62.625
151 223 -40.000
151 220 83.875
151 210 -60.750
151 208 -22.250
151 200 -0.125
151 193 -68.250
151 184 7.750
151 178 21.125
151 159 76.125
152 240 54.750
152 238 -86.875
152 237 -26.625
152 227 -16.250
152 215 85.375
152 211 -73.875
152 205 39.875
152 200 41.125
152 192 41.750
152 190 -67.125
152 174 -83.250
152 166 91.500
152 164 -31.875
152 157 -36.375
153 247 -12.875
153 246 -80.750
153 244 -0.250
153 243 5.875
153 237 -40.375
153 230 -56.125
153 217 93.125
153 205 47.625
153 201 -36.375
153 200 6.625
153 195 -37.000
153 189 -78.500
153 175 42.125
153 166 -29.750
153 157 27.000
154 244 -23.625
154 228 -49.875
154 226 82.000
154 216 -25.750
154 214 -9.125
154 213 28.000
154 193 41.250
154 187 15.875
154 186 26.625
154 174 -88.000
154 169 93.750
155 244 14.625
155 243 -18.125
155 239 -45.750
155 234 -94.000
155 227 -35.875
155 218 -28.000
155 211 32.500
155 204 -68.500
155 180 -68.250
155 178 89.875
155 166 75.125
155 156 69.375
156 236 -3.000
156 216 83.500
156 208 -15.250
156 200 38.375
156 190 -64.875
156 189 3.125
156 177 -44.625
156 165 59.375
156 158 68.125
157 250 -0.875
157 239 -29.625
157 236 45.250
157 234 -32.500
157 230 -98.625
157 229 86.000
157 208 24.750
157 206 -92.750
157 191 70.000
157 184 -93.250
157 169 -8.750
158 247 -48.500
158 246 48.000
158 244 -55.000
158 240 63.750
158 233 -58.250
158 222 -82.875
158 218 49.625
158 210 93.500
158 205 5.375
158 195 13.875
158 172 -90.000
158 168 -18.250
158 167 -49.875
158 159 -25.000
159 249 39.000
159 245 -11.750
159 239 17.250
159 233 -24.750
159 218 -93.375
159 217 93.500
159 216 65.875
159 214 54.125
159 196 -34.250
159 193 -12.375
159 189 -88.125
159 185 -68.750
159 181 -32.000
159 167 -45.625
160 229 39.625
160 216 -68.500
160 212 86.000
160 192 41.875
160 190 30.250
160 184 4.000
160 182 -68.500
160 180 43.250
160 171 -82.625
161 249 -78.000
161 232 -43.250
161 229 48.500
161 225 -58.375
161 221 -41.500
161 219 15.500
161 190 8.750
161 188 -97.875
161 175 -56.750
162 250 34.250
162 249 -81.250
162 236 78.500
162 218 -74.000
162 212 40.625
162 209 9.000
162 202 34.875
162 200 51.000
162 197 -31.500
162 194 -48.500
162 193 -14.500
163 242 -86.875
163 233 -52.500
163 222 -19.625
163 208 71.250
163 206 -46.750
163 198 -43.625
163 196 -37.750
163 191 -87.125
163 186 -64.750
163 184 70.250
163 183 19.500
163 179 -14.500
164 247 8.625
164 230 43.750
164 225 -26.625
164 218 52.625
164 208 -19.375
164 194 48.250
164 189 96.875
164 188 -55.875
164 184 13.375
164 180 55.000
164 179 73.125
164 175 -87.625
165 248 25.375
165 244 -31.000
165 237 9.250
165 232 -29.875
165 215 92.875
165 213 -93.500
165 212 54.875
165 209 83.875
165 206 -12.375
165 198 79.875
165 196 -97.875
165 195 36.625
165 190 76.375
165 188 -32.250
165 170 91.500
166 227 78.500
166 224 -37.625
166 218 -22.875
166 217 5.375
166 214 86.500
166 211 21.750
166 204 77.750
166 197 11.250
166 182 8.750
166 177 -33.000
167 250 48.000
167 248 -50.250
167 230 -81.875
167 225 -83.875
167 210 66.750
167 196 17.750
167 191 -23.875
167 185 -81.625
167 180 77.750
167 177 3.375
168 248 -18.875
168 246 -26.000
168 228 -99.625
168 220 -92.750
168 219 48.625
168 218 -9.625
168 201 14.500
168 195 12.625
168 189 39.000
168 187 -86.875
168 182 26.750
168 176 -92.125
168 174 2.875
168 173 -29.375
169 243 82.875
169 238 -87.375
169 237 32.625
169 232 87.125
169 229 -38.875
169 199 43.625
169 197 -59.125
169 194 33.625
169 191 -84.375
169 175 -8.125
169 173 2.875
170 250 15.000
170 241 -13.625
170 238 40.875
170 233 83.875
170 220 15.625
170 203 -28.250
170 186 18.125
170 181 -39.625
170 176 -73.625
170 174 10.250
171 239 28.625
171 233 -29.500
171 225 -56.625
171 224 16.125
171 222 -80.750
171 216 -51.500
171 215 -86.750
171 214 78.625
171 198 -3.000
171 172 97.250
172 245 23.250
172 243 -11.375
172 241 -43.625
172 240 -43.875
172 226 79.125
172 221 -47.750
172 217 -67.750
172 213 -13.000
172 210 -86.250
172 207 -21.500
172 197 3.375
172 192 -27.000
173 238 -10.250
173 223 -80.625
173 197 -28.625
173 194 36.625
173 192 -51.750
174 250 -14.000
174 246 -13.875
174 242 74.125
174 235 35.375
174 223 -0.500
174 220 96.375
174 215 87.000
174 204 56.500
174 203 -71.750
174 201 -58.750
174 195 59.125
174 192 79.875
174 191 -40.375
174 189 -30.250
174 187 79.875
174 183 32.000
174 180 87.000
175 247 -31.625
175 245 -32.625
175 242 -58.000
175 240 99.875
175 233 -30.875
175 225 -65.500
175 215 -58.000
175 212 -90.750
175 204 62.250
175 203 -33.000
175 197 71.250
175 191 9.125
175 185 -99.250
175 183 -34.750
175 180 66.750
176 241 -80.625
176 240 -88.000
176 230 35.500
176 228 -94.625
176 216 -90.375
176 211 -84.250
176 210 -62.625
176 204 30.125
176 189 -89.000
177 246 -14.625
177 243 99.500
177 239 -97.500
177 237 -43.250
177 235 91.625
177 232 -45.500
177 231 -37.250
177 226 61.250
177 217 -97.750
177 215 45.750
177 207 84.500
177 206 51.875
177 197 -20.500
177 196 -21.250
177 192 -43.500
177 190 -19.250
177 188 20.500
178 243 14.000
178 234 91.750
178 232 21.250
178 229 -44.500
178 227 82.500
178 226 47.375
178 213 -46.250
178 207 76.750
178 202 39.375
179 230 20.125
179 219 44.750
179 196 72.500
179 195 -53.750
179 188 -8.875
180 238 -72.125
180 220 -91.375
180 210 -42.750
180 209 -64.375
180 203 66.500
180 200 96.625
180 198 -68.625
180 195 -40.125
180 191 -20.500
180 182 53.000
181 250 -61.375
181 249 64.250
181 246 47.625
181 235 89.625
181 232 67.375
181 230 70.625
181 229 -16.500
181 228 91.625
181 225 65.125
181 206 96.750
181 201 50.750
181 199 -23.875
181 191 58.625
181 188 -27.750
182 247 -21.625
182 244 -20.250
182 239 41.000
182 229 79.125
182 223 78.375
182 219 -40.875
182 197 -74.375
182 192 -88.625
182 190 -78.250
182 189 -42.625
183 250 -71.250
183 247 -99.250
183 239 80.125
183 234 56.625
183 193 -7.625
183 192 2.500
183 184 -72.750
184 237 24.500
184 228 -74.625
184 226 84.875
184 215 84.875
184 202 74.500
184 201 -59.500
184 197 -95.250
184 194 -27.125
184 192 16.000
185 228 11.375
185 226 -47.000
185 212 -96.125
185 210 -73.250
185 195 68.875
185 190 -84.250
185 187 -71.750
186 248 87.875
186 234 -36.750
186 232 -0.875
186 231 43.875
186 224 -68.625
186 220 -13.625
186 218 15.750
186 217 64.125
186 215 -12.625
186 211 64.125
186 210 30.250
186 206 -52.875
186 205 40.625
186 191 39.625
186 190 -30.875
187 241 -69.625
187 240 20.875
187 239 -27.625
187 229 61.000
187 205 -26.625
187 204 -98.250
188 250 23.625
188 245 -45.000
188 242 17.000
188 237 73.250
188 235 -4.750
188 224 46.500
188 220 24.875
188 206 -52.875
188 203 -52.875
188 199 -65.875
188 191 10.375
189 249 7.500
189 245 70.250
189 230 97.125
189 225 -57.250
189 216 49.375
189 215 72.000
189 205 -14.625
189 204 -22.750
189 203 -76.375
189 201 43.875
190 247 -85.250
190 245 -34.250
190 239 -55.875
190 238 32.500
190 225 -91.125
190 212 -70.625
191 223 63.625
191 208 -83.500
192 246 80.250
192 245 98.750
192 242 16.625
192 238 -72.750
192 232 -52.125
192 231 69.875
192 225 -71.125
192 224 -73.375
192 218 9.250
193 247 -26.625
193 240 -7.250
193 239 -38.000
193 234 98.625
193 219 96.000
193 217 -81.625
193 216 90.500
193 201 -35.750
194 248 -94.125
194 241 22.500
194 236 -85.125
194 233 56.625
194 224 -19.375
194 221 90.125
194 220 21.375
194 216 -87.000
194 206 -36.750
195 247 95.500
195 245 -43.250
195 239 -32.500
195 234 7.250
195 222 -19.250
195 221 38.875
195 220 -23.500
195 217 -22.500
195 213 -53.750
195 210 61.500
195 208 -66.875
195 206 -11.500
195 202 29.500
195 196 52.250
196 243 68.000
196 235 -42.125
196 225 -77.250
196 209 -97.625
196 208 5.875
196 205 66.625
196 199 12.125
197 248 -56.500
197 240 52.875
197 237 -56.375
197 232 77.875
197 226 -65.250
197 220 -27.000
197 205 -53.625
197 203 96.750
197 202 -69.000
198 232 40.875
198 230 -95.125
198 225 -47.125
198 215 60.625
198 205 36.125
198 203 58.125
198 199 22.750
199 241 49.625
199 226 -66.125
199 223 -27.375
199 214 81.875
199 206 36.000
200 240 -65.875
200 237 -34.750
200 223 58.125
200 222 55.125
200 204 6.000
200 202 -27.625
201 249 -64.250
201 244 -48.250
201 241 80.000
201 228 53.375
201 227 -40.375
201 211 66.500
202 249 -12.125
202 247 -64.500
202 245 -65.250
202 243 32.750
202 239 -2.000
202 223 -47.500
202 214 9.375
202 212 -29.250
203 247 70.750
203 245 32.625
203 244 -30.750
203 235 -9.625
203 234 -18.250
203 232 49.000
203 214 45.125
203 208 -76.875
203 207 32.500
204 244 -63.625
204 240 -65.125
204 233 11.375
204 230 2.750
204 226 42.250
204 205 80.125
205 247 -37.625
205 246 5.875
205 238 81.375
205 232 16.000
205 229 -44.250
205 224 -60.125
205 217 85.500
206 250 -17.625
206 239 -27.250
206 228 80.000
206 224 -37.250
206 216 -54.125
206 214 77.125
206 209 -29.250
206 208 74.000
207 246 -17.250
207 243 -0.375
207 239 66.875
207 237 96.375
207 223 93.875
207 210 74.250
208 249 -26.375
208 242 88.875
208 241 -12.500
208 223 -67.875
208 220 33.375
209 245 -37.000
209 243 -70.500
209 233 -9.625
209 229 -84.875
209 223 3.875
209 218 94.500
209 216 -94.625
210 246 94.625
210 235 7.375
210 218 -70.250
210 214 0.000
210 211 84.125
211 247 -4.750
211 236 65.375
211 219 31.250
212 249 -29.750
212 248 -68.375
212 245 49.875
212 244 -92.250
212 213 -53.500
213 246 73.125
213 239 7.125
213 234 -75.625
213 232 -25.500
213 215 96.125
214 239 -82.125
214 227 19.250
215 238 -84.000
215 228 -84.500
215 216 27.625
216 241 -59.375
216 239 44.375
216 221 -4.625
216 217 -85.625
217 249 -55.250
217 246 57.750
217 244 89.750
217 234 30.875
217 233 -15.375
217 227 85.750
217 225 91.250
217 220 -35.625
217 219 78.375
218 248 50.750
218 247 -14.000
218 245 -12.125
218 239 35.125
218 228 33.625
218 227 78.250
219 237 -74.500
219 233 -92.500
219 230 -0.000
219 226 90.375
220 250 -31.875
220 249 -83.000
220 245 45.875
220 243 -9.375
220 242 27.375
220 231 12.000
220 222 -90.875
221 237 -62.000
221 231 -13.500
222 240 -94.250
222 230 -98.625
222 228 14.875
222 226 95.875
223 245 88.125
223 236 -2.500
224 247 19.500
224 240 42.375
224 230 60.500
224 229 71.875
224 225 -19.500
225 241 -56.250
225 239 -19.625
226 247 93.625
226 244 -5.000
226 229 -73.875
227 247 12.000
227 229 26.625
228 236 29.625
228 232 -75.625
230 243 -60.250
230 241 -58.750
230 231 -86.250
231 249 65.625
231 246 42.000
231 244 0.875
231 241 69.750
231 235 9.625
231 233 -3.750
231 232 -29.000
232 241 82.875
232 240 -82.125
232 235 -9.875
232 233 -47.125
233 250 -52.125
233 234 -26.625
234 247 -25.500
234 240 -30.875
234 236 -69.125
235 237 33.625
236 248 -66.875
236 242 93.625
236 240 -8.125
236 237 49.750
237 247 1.625
238 243 -9.125
238 240 -26.750
239 240 82.500
242 248 68.500
243 246 77.500
243 244 78.125
246 248 -17.375
247 250 12.500
